Label (1 = gold standard, 0 = negative)	Chromosome	Start	End	E003-H3K4me1.pval.signal.bigwig_mean	data/gc19_pc.prom.nr.bed_overlap	data/gc19_pc.3utr.nr.bed_overlap	data/gc19_pc.5utr.nr.bed_overlap	data/gc19_pc.cds.nr.bed_overlap	data/gc19_pc.ss.nr.bed_overlap	data/sensitive.nc.bed_overlap	data/ultra.conserved.hg19.bed_overlap	data/wgEncodeBroadHmmGm12878HMM.Heterochrom.bed_overlap	data/H1-ESC_Dixon2015-raw_TADs.bed_overlap
0	5	15228798	15260402	-0.18999993474451926	-0.5215477507615845	-0.2865162826758231	-0.4024643505179056	-0.6932379236202634	-0.7955261741372448	0.04950911725540523	-0.050062617432175896	0.6585553725734565	0.3364546830899798
0	2	43301895	43306146	-0.3952114881637991	-0.5215477507615845	-0.2865162826758231	-0.4024643505179056	-0.6932379236202634	-0.7955261741372448	-0.037786310812820516	-0.050062617432175896	0.5506035082173044	0.3364546830899798
0	13	53037516	53038864	-0.3953853790223331	-0.5215477507615845	-0.2865162826758231	-0.4024643505179056	1.4383588937839735	1.2412411311750167	-0.07187924802313489	-0.050062617432175896	-1.6359615043165474	0.3364546830899798
0	13	21455655	21458145	3.529363263564157	-0.5215477507615845	-0.2865162826758231	-0.4024643505179056	1.4383588937839735	1.2412411311750167	-0.07187924802313489	-0.050062617432175896	-1.6359615043165474	0.3364546830899798
0	1	85910957	85915409	2.573804666519456	2.0114254065071258	-0.2865162826758231	2.534950586187948	1.4383588937839735	1.2412411311750167	0.17323096996711326	-0.050062617432175896	0.6585553725734565	0.3364546830899798
0	16	67565106	67568244	-0.28877399404840076	2.0114254065071258	-0.2865162826758231	2.534950586187948	1.4383588937839735	1.2412411311750167	-0.07187924802313489	-0.050062617432175896	-1.6359615043165474	0.3364546830899798
0	2	231884087	231885265	-0.5962656230044653	-0.5215477507615845	3.738726209419235	-0.4024643505179056	-0.6932379236202634	1.2412411311750167	-0.07187924802313489	-0.050062617432175896	0.6585553725734565	-3.010648245299393
0	1	105091218	105092753	-0.4506843103094731	-0.5215477507615845	-0.2865162826758231	-0.4024643505179056	-0.6932379236202634	-0.7955261741372448	-0.07187924802313489	-0.050062617432175896	0.6585553725734565	0.3364546830899798
0	20	23039635	23055953	0.5778611969250333	-0.5215477507615845	-0.2865162826758231	-0.4024643505179056	-0.6932379236202634	-0.7955261741372448	0.03260953454180281	-0.050062617432175896	-0.5507132351759023	0.3364546830899798
0	2	24547080	24548453	-0.46331043643233066	2.0114254065071258	-0.2865162826758231	2.534950586187948	1.4383588937839735	1.2412411311750167	-0.07187924802313489	-0.050062617432175896	-1.6359615043165474	0.3364546830899798
0	22	16940402	16944607	-0.5931225777752839	-0.5215477507615845	-0.2865162826758231	-0.4024643505179056	-0.6932379236202634	-0.7955261741372448	-0.07187924802313489	-0.050062617432175896	0.6585553725734565	0.3364546830899798
0	10	91743010	91749571	-0.04773923037218447	-0.5215477507615845	-0.2865162826758231	-0.4024643505179056	-0.6932379236202634	-0.7955261741372448	-0.07187924802313489	-0.050062617432175896	0.6585553725734565	0.3364546830899798
0	8	5742207	5758561	-0.3856077556606249	-0.5215477507615845	-0.2865162826758231	-0.4024643505179056	-0.6932379236202634	-0.7955261741372448	-0.07187924802313489	-0.050062617432175896	0.6585553725734565	0.3364546830899798
0	17	4232177	4233901	0.5578914797112087	2.0114254065071258	-0.2865162826758231	-0.4024643505179056	1.4383588937839735	1.2412411311750167	0.19515262410653983	-0.050062617432175896	-1.6359615043165474	0.3364546830899798
0	20	16143040	16151318	-0.4892003080713218	-0.5215477507615845	-0.2865162826758231	-0.4024643505179056	-0.6932379236202634	-0.7955261741372448	-0.07187924802313489	-0.050062617432175896	0.6585553725734565	0.3364546830899798
0	4	112949390	112995250	-0.19706536098155694	-0.5215477507615845	-0.2865162826758231	-0.4024643505179056	-0.6932379236202634	-0.7955261741372448	-0.06778951241632337	-0.050062617432175896	0.5985156810717555	0.3364546830899798
0	16	48005604	48007214	-0.4657616118103366	-0.5215477507615845	-0.2865162826758231	-0.4024643505179056	-0.6932379236202634	-0.7955261741372448	-0.07187924802313489	-0.050062617432175896	0.6585553725734565	0.3364546830899798
0	1	182546284	182547847	-0.46636386677128666	-0.5215477507615845	3.738726209419235	-0.4024643505179056	1.4383588937839735	1.2412411311750167	-0.07187924802313489	-0.050062617432175896	-1.6359615043165474	0.3364546830899798
0	9	36474157	36474999	-0.5744885752334705	-0.5215477507615845	-0.2865162826758231	-0.4024643505179056	-0.6932379236202634	-0.7955261741372448	-0.07187924802313489	-0.050062617432175896	-1.6359615043165474	0.3364546830899798
0	3	14385028	14392225	1.0334436361955421	-0.5215477507615845	-0.2865162826758231	-0.4024643505179056	-0.6932379236202634	-0.7955261741372448	-0.07187924802313489	-0.050062617432175896	0.6585553725734565	0.3364546830899798
0	11	56384293	56395496	-0.020559563833615825	-0.5215477507615845	-0.2865162826758231	-0.4024643505179056	-0.6932379236202634	-0.7955261741372448	-0.07187924802313489	-0.050062617432175896	0.5766302854757146	0.3364546830899798
0	20	49385027	49387836	1.4263662254502039	-0.5215477507615845	-0.2865162826758231	-0.4024643505179056	-0.6932379236202634	-0.7955261741372448	-0.07187924802313489	-0.050062617432175896	0.6585553725734565	0.3364546830899798
0	8	104014161	104014505	1.65575004317508	-0.5215477507615845	-0.2865162826758231	-0.4024643505179056	-0.6932379236202634	-0.7955261741372448	-0.07187924802313489	-0.050062617432175896	0.6585553725734565	-3.010648245299393
0	X	80287951	80295028	-0.498346191751389	-0.5215477507615845	-0.2865162826758231	-0.4024643505179056	-0.6932379236202634	-0.7955261741372448	-0.07187924802313489	-0.050062617432175896	0.6585553725734565	0.3364546830899798
0	8	135118174	135120085	0.01864591400311095	-0.5215477507615845	-0.2865162826758231	-0.4024643505179056	-0.6932379236202634	-0.7955261741372448	-0.07187924802313489	-0.050062617432175896	0.6585553725734565	0.3364546830899798
0	6	55413595	55417911	-0.46558264101506525	-0.5215477507615845	-0.2865162826758231	-0.4024643505179056	1.4383588937839735	1.2412411311750167	-0.07187924802313489	-0.050062617432175896	0.6585553725734565	0.3364546830899798
0	7	146253839	146254815	-0.30804317633043804	2.0114254065071258	-0.2865162826758231	2.534950586187948	1.4383588937839735	1.2412411311750167	-0.07187924802313489	-0.050062617432175896	0.6585553725734565	0.3364546830899798
0	10	91840212	91840808	-0.272215497510188	-0.5215477507615845	-0.2865162826758231	-0.4024643505179056	-0.6932379236202634	-0.7955261741372448	-0.07187924802313489	-0.050062617432175896	0.6585553725734565	0.3364546830899798
0	5	26026711	26028832	-0.5227935823627282	-0.5215477507615845	-0.2865162826758231	-0.4024643505179056	-0.6932379236202634	-0.7955261741372448	-0.07187924802313489	-0.050062617432175896	0.6585553725734565	0.3364546830899798
0	3	28511595	28537146	-0.4164187045247322	2.0114254065071258	3.738726209419235	-0.4024643505179056	1.4383588937839735	1.2412411311750167	-0.07187924802313489	-0.050062617432175896	0.6226347921360567	0.3364546830899798
0	19	53096015	53097618	-0.5375683570954003	-0.5215477507615845	0.4818706184976563	-0.4024643505179056	-0.4844664324584012	-0.7180197451765165	-0.07187924802313489	-0.050062617432175896	-1.6359615043165474	0.3364546830899798
0	2	40764807	40772028	0.271847843280528	2.0114254065071258	-0.2865162826758231	2.534950586187948	-0.6932379236202634	1.2412411311750167	-0.07187924802313489	-0.050062617432175896	0.531452928208964	0.3364546830899798
0	13	88469260	88472105	-0.4414816588271979	-0.5215477507615845	-0.2865162826758231	-0.4024643505179056	-0.6932379236202634	-0.7955261741372448	-0.07187924802313489	-0.050062617432175896	0.6585553725734565	0.3364546830899798
0	12	2069969	2071786	-0.3046247110469905	-0.5215477507615845	-0.2865162826758231	-0.4024643505179056	1.4383588937839735	1.2412411311750167	-0.07187924802313489	-0.050062617432175896	-1.6359615043165474	0.3364546830899798
0	22	50031103	50047669	-0.004645814233527899	-0.5203245354254656	-0.2865162826758231	2.534950586187948	1.4383588937839735	1.2412411311750167	-0.07187924802313489	-0.050062617432175896	-1.6359615043165474	0.3364546830899798
0	4	113225327	113232187	0.19973583501875555	-0.5215477507615845	-0.2865162826758231	2.534950586187948	-0.6932379236202634	1.2412411311750167	-0.07187924802313489	-0.050062617432175896	-1.6359615043165474	0.3364546830899798
0	18	10462404	10462659	-0.5356490352901109	2.0114254065071258	-0.2865162826758231	-0.4024643505179056	1.4383588937839735	1.2412411311750167	-0.07187924802313489	-0.050062617432175896	0.6585553725734565	0.3364546830899798
0	12	133762765	133764199	-0.45457395980337717	2.0114254065071258	-0.2865162826758231	-0.4024643505179056	3.5699557111882108	3.278008436487278	-0.07187924802313489	-0.050062617432175896	-1.6359615043165474	0.3364546830899798
0	6	139119584	139123672	-0.12581819388647988	2.0114254065071258	-0.2865162826758231	2.534950586187948	-0.6932379236202634	1.2412411311750167	-0.07187924802313489	-0.050062617432175896	0.6585553725734565	0.3364546830899798
0	10	61361925	61365001	-0.2761171686088828	-0.5215477507615845	-0.2865162826758231	-0.4024643505179056	-0.6932379236202634	-0.7955261741372448	-0.07187924802313489	-0.050062617432175896	0.6585553725734565	0.3364546830899798
0	16	12105217	12109804	-0.3465202814838606	2.0114254065071258	-0.2865162826758231	-0.4024643505179056	1.4383588937839735	1.2412411311750167	-0.07187924802313489	-0.050062617432175896	-1.6359615043165474	-3.010648245299393
0	14	90829318	90829690	1.0328771459404567	-0.5215477507615845	-0.2865162826758231	-0.4024643505179056	-0.6932379236202634	-0.7955261741372448	-0.07187924802313489	-0.050062617432175896	0.6585553725734565	0.3364546830899798
0	3	114488988	114490996	-0.5423135060091648	2.0114254065071258	-0.2865162826758231	2.534950586187948	-0.6932379236202634	1.2412411311750167	-0.07187924802313489	-0.050062617432175896	0.6585553725734565	0.3364546830899798
0	10	17407069	17411490	-0.47357459003718305	2.0114254065071258	-0.2865162826758231	-0.4024643505179056	1.4383588937839735	1.2412411311750167	-0.07187924802313489	-0.050062617432175896	0.6585553725734565	0.3364546830899798
0	2	242017590	242018331	-0.6646647623341744	-0.5215477507615845	3.738726209419235	-0.4024643505179056	1.4383588937839735	1.2412411311750167	-0.07187924802313489	-0.050062617432175896	-1.6359615043165474	0.3364546830899798
0	4	11880257	11898796	-0.3416524270754581	-0.5215477507615845	-0.2865162826758231	-0.4024643505179056	-0.6932379236202634	-0.7955261741372448	-0.07187924802313489	-0.050062617432175896	0.6585553725734565	0.3364546830899798
0	11	118607714	118616631	0.7205364391396687	-0.5215477507615845	-0.2865162826758231	-0.4024643505179056	-0.6932379236202634	-0.7955261741372448	-0.07187924802313489	-0.050062617432175896	0.6585553725734565	0.3364546830899798
0	8	11642166	11645317	1.7146401398110789	-0.5215477507615845	1.0841867303416306	-0.4024643505179056	0.39995803224303306	0.04800963463219373	-0.07187924802313489	-0.050062617432175896	-1.6359615043165474	0.3364546830899798
0	12	132094079	132098818	0.09414018726248816	-0.5215477507615845	-0.2865162826758231	-0.4024643505179056	-0.6932379236202634	-0.7955261741372448	-0.07187924802313489	-0.050062617432175896	0.6585553725734565	0.3364546830899798
0	3	155595468	155615602	-0.050142362409969325	-0.5215477507615845	-0.2865162826758231	-0.4024643505179056	1.4383588937839735	1.2412411311750167	0.0017967090588330479	-0.050062617432175896	-1.6359615043165474	-3.010648245299393
0	4	55074371	55074570	0.29946749032705977	-0.5215477507615845	-0.2865162826758231	-0.4024643505179056	1.4383588937839735	1.2412411311750167	-0.07187924802313489	-0.050062617432175896	0.6585553725734565	0.3364546830899798
0	12	38084722	38086524	-0.6266441139913114	-0.5215477507615845	-0.2865162826758231	-0.4024643505179056	-0.6932379236202634	-0.7955261741372448	-0.07187924802313489	-0.050062617432175896	-1.6359615043165474	0.3364546830899798
0	3	11956506	11958084	0.21044585585135414	-0.5215477507615845	-0.2865162826758231	-0.4024643505179056	-0.6932379236202634	-0.7955261741372448	-0.07187924802313489	-0.050062617432175896	0.6585553725734565	0.3364546830899798
0	1	71718761	71731545	-0.3878279265912653	-0.5215477507615845	-0.2865162826758231	-0.4024643505179056	-0.6932379236202634	-0.7955261741372448	-0.07187924802313489	-0.050062617432175896	0.6585553725734565	0.3364546830899798
0	2	76557061	76557292	-0.42210911425068776	-0.5215477507615845	-0.2865162826758231	-0.4024643505179056	-0.6932379236202634	-0.7955261741372448	-0.07187924802313489	-0.050062617432175896	0.6585553725734565	0.3364546830899798
0	8	114197224	114197336	0.19542794444746892	2.0114254065071258	-0.2865162826758231	-0.4024643505179056	1.4383588937839735	1.2412411311750167	-0.07187924802313489	-0.050062617432175896	0.6585553725734565	0.3364546830899798
0	2	49487430	49491516	0.07312466253315121	-0.5215477507615845	-0.2865162826758231	-0.4024643505179056	-0.6932379236202634	-0.7955261741372448	-0.05310118685689466	-0.050062617432175896	0.6585553725734565	0.3364546830899798
0	3	29558377	29569679	-0.1921699624060235	-0.5215477507615845	-0.2865162826758231	-0.4024643505179056	1.4383588937839735	1.2412411311750167	-0.05679299820987498	-0.050062617432175896	0.6179516408995932	0.3364546830899798
0	15	23177653	23183042	-0.6142243178561839	-0.5215477507615845	-0.2865162826758231	-0.4024643505179056	-0.6932379236202634	-0.7955261741372448	-0.07187924802313489	-0.050062617432175896	0.6585553725734565	0.3364546830899798
0	7	36953181	36953317	0.17074637622306163	-0.5215477507615845	3.738726209419235	-0.4024643505179056	1.4383588937839735	1.2412411311750167	-0.07187924802313489	-0.050062617432175896	-1.6359615043165474	0.3364546830899798
0	X	32298048	32298151	-0.6250287976750086	2.0114254065071258	3.738726209419235	2.534950586187948	1.4383588937839735	1.2412411311750167	-0.07187924802313489	-0.050062617432175896	0.6585553725734565	0.3364546830899798
0	2	9534364	9537967	-0.42379527329563327	-0.5215477507615845	-0.2865162826758231	-0.4024643505179056	1.4383588937839735	1.2412411311750167	-0.07187924802313489	-0.050062617432175896	-0.8813119070046811	0.3364546830899798
0	4	119322762	119322885	0.7763281710155134	-0.5215477507615845	-0.2865162826758231	-0.4024643505179056	-0.6932379236202634	-0.7955261741372448	-0.07187924802313489	-0.050062617432175896	0.6585553725734565	-3.010648245299393
0	3	8718398	8720102	0.028886547101472464	2.0114254065071258	-0.2865162826758231	2.534950586187948	-0.6932379236202634	1.2412411311750167	-0.07187924802313489	-0.050062617432175896	0.6585553725734565	0.3364546830899798
0	4	80274238	80274462	2.070587506127678	-0.5215477507615845	-0.2865162826758231	-0.4024643505179056	-0.6932379236202634	-0.7955261741372448	19.909151461679976	-0.050062617432175896	-1.6359615043165474	0.3364546830899798
0	5	109664943	109665189	-0.47541168959038915	-0.5215477507615845	-0.2865162826758231	-0.4024643505179056	-0.6932379236202634	-0.7955261741372448	-0.07187924802313489	-0.050062617432175896	0.6585553725734565	0.3364546830899798
0	11	25245552	25255963	-0.5199483845235165	-0.5215477507615845	-0.2865162826758231	-0.4024643505179056	-0.6932379236202634	-0.7955261741372448	-0.07187924802313489	-0.050062617432175896	0.6585553725734565	0.3364546830899798
0	17	20951047	20960427	1.16252927259516	-0.5215477507615845	-0.2865162826758231	-0.4024643505179056	-0.6932379236202634	-0.7955261741372448	-0.07187924802313489	-0.050062617432175896	-0.813800393098285	-3.010648245299393
0	22	44564941	44566024	0.1637221441202331	-0.5215477507615845	3.738726209419235	-0.4024643505179056	-0.6932379236202634	-0.7955261741372448	-0.07187924802313489	-0.050062617432175896	-1.6359615043165474	0.3364546830899798
0	15	61285472	61290849	-0.01711090577473263	2.0114254065071258	-0.2865162826758231	2.534950586187948	1.4383588937839735	1.2412411311750167	-0.07187924802313489	-0.050062617432175896	0.6585553725734565	0.3364546830899798
0	10	65650476	65651275	-0.5296704561268918	-0.5215477507615845	-0.2865162826758231	-0.4024643505179056	-0.6932379236202634	-0.7955261741372448	-0.07187924802313489	-0.050062617432175896	0.6585553725734565	0.3364546830899798
0	13	32477801	32494960	0.1794772183916324	-0.5215477507615845	-0.2865162826758231	-0.4024643505179056	-0.6932379236202634	-0.7955261741372448	-0.07187924802313489	-0.050062617432175896	-0.11167699591459194	0.3364546830899798
0	10	71085697	71086857	0.9767069843951363	-0.5215477507615845	-0.2865162826758231	-0.4024643505179056	1.4383588937839735	1.2412411311750167	-0.07187924802313489	-0.050062617432175896	-1.6359615043165474	0.3364546830899798
0	16	78171653	78172364	-0.11155358717881443	-0.5215477507615845	3.738726209419235	-0.4024643505179056	1.4383588937839735	1.2412411311750167	-0.07187924802313489	-0.050062617432175896	-1.6359615043165474	0.3364546830899798
0	14	105417077	105419864	-0.4875474213369243	-0.5215477507615845	-0.2865162826758231	-0.4024643505179056	1.4383588937839735	-0.7955261741372448	-0.07187924802313489	-0.050062617432175896	0.6585553725734565	0.3364546830899798
0	10	17094418	17101654	-0.4184396810839033	2.0114254065071258	3.738726209419235	-0.4024643505179056	1.4383588937839735	1.2412411311750167	-0.07187924802313489	-0.050062617432175896	0.6585553725734565	0.3364546830899798
0	4	79391949	79392640	-0.6159060014274769	-0.5215477507615845	3.738726209419235	-0.4024643505179056	1.4383588937839735	1.2412411311750167	-0.07187924802313489	-0.050062617432175896	0.6585553725734565	0.3364546830899798
0	14	33755626	33758798	-0.10117120578835082	2.0114254065071258	-0.2865162826758231	-0.4024643505179056	1.4383588937839735	1.2412411311750167	-0.07187924802313489	-0.050062617432175896	0.6585553725734565	0.3364546830899798
0	1	165469847	165474096	-0.3595876550660453	-0.5215477507615845	-0.2865162826758231	-0.4024643505179056	-0.6932379236202634	-0.7955261741372448	0.2571721339946635	-0.050062617432175896	0.6585553725734565	0.3364546830899798
0	1	155509462	155520806	0.02419925550178237	-0.5215477507615845	-0.2865162826758231	2.534950586187948	-0.6932379236202634	1.2412411311750167	0.040848710846839525	-0.050062617432175896	-1.6359615043165474	0.3364546830899798
0	11	49918694	49918894	-0.6258407381427102	-0.5215477507615845	-0.2865162826758231	-0.4024643505179056	-0.6932379236202634	-0.7955261741372448	-0.07187924802313489	-0.050062617432175896	0.6585553725734565	0.3364546830899798
0	10	86119391	86120022	0.43680282158744893	2.0114254065071258	-0.2865162826758231	2.534950586187948	-0.6932379236202634	1.2412411311750167	-0.07187924802313489	-0.050062617432175896	-1.6359615043165474	0.3364546830899798
0	4	70959706	71082055	-0.4106740469388663	-0.43451296377388837	-0.1308021148846202	-0.34609241228068793	-0.4516956284115382	-0.4935960511575027	-0.026657132514319042	-0.050062617432175896	0.6510538257626449	0.3364546830899798
0	4	185767127	185769126	-0.31055374334414854	-0.5215477507615845	-0.2865162826758231	-0.4024643505179056	-0.6932379236202634	-0.7955261741372448	-0.07187924802313489	-0.050062617432175896	-1.6359615043165474	0.3364546830899798
0	20	49662112	49676182	-0.39627232712010957	-0.5215477507615845	-0.2865162826758231	-0.4024643505179056	-0.6932379236202634	-0.7955261741372448	-0.058549093444001894	-0.050062617432175896	0.6585553725734565	0.3364546830899798
0	3	192901787	192904956	-0.5390166782959219	-0.5215477507615845	-0.2865162826758231	-0.4024643505179056	-0.6932379236202634	-0.7955261741372448	-0.07187924802313489	-0.050062617432175896	0.6585553725734565	0.3364546830899798
0	12	102275878	102277121	-0.2005741147647699	2.0114254065071258	-0.2865162826758231	-0.4024643505179056	1.4383588937839735	1.2412411311750167	-0.07187924802313489	-0.050062617432175896	-1.6359615043165474	0.3364546830899798
0	3	59022828	59052536	-0.13149361618007527	0.6023802201255883	-0.2865162826758231	0.8811468218368607	0.20573799280823013	0.08423005522073732	-0.07187924802313489	-0.050062617432175896	0.42684840372095845	0.3364546830899798
0	10	6976973	6987503	0.32209943666845237	-0.5215477507615845	-0.2865162826758231	-0.4024643505179056	-0.6932379236202634	-0.7955261741372448	-0.07187924802313489	-0.050062617432175896	0.6585553725734565	0.3364546830899798
0	7	125558483	125598974	-0.19898907475653907	-0.5215477507615845	-0.2865162826758231	-0.4024643505179056	-0.6932379236202634	-0.7955261741372448	-0.06324684006708596	-0.050062617432175896	0.6585553725734565	0.3364546830899798
0	16	77523358	77683773	-0.17544826882902062	-0.5215477507615845	-0.2865162826758231	-0.4024643505179056	-0.6932379236202634	-0.7955261741372448	-0.03919513208493704	-0.050062617432175896	0.638530289958701	-0.49815627683007063
0	1	153831851	153841494	0.28135901449805617	-0.5215477507615845	-0.2865162826758231	2.534950586187948	-0.6932379236202634	1.2412411311750167	-0.07187924802313489	-0.050062617432175896	-1.6359615043165474	0.3364546830899798
0	11	4807560	4911702	-0.3354928068862276	2.192529265939658	-0.28334686126705666	2.5389276128061757	-0.5876221338543106	1.2412411311750167	-0.04748446540610258	-0.050062617432175896	0.6541488567068706	0.3364546830899798
0	6	140791908	140793825	-0.5843566364601135	-0.5215477507615845	-0.2865162826758231	-0.4024643505179056	-0.6932379236202634	-0.7955261741372448	-0.07187924802313489	-0.050062617432175896	0.6585553725734565	0.3364546830899798
0	12	97811612	97816575	-0.28331914699846256	-0.5215477507615845	-0.2865162826758231	-0.4024643505179056	-0.6932379236202634	-0.7955261741372448	-0.07187924802313489	-0.050062617432175896	0.6585553725734565	0.3364546830899798
0	22	38955892	38964805	-0.11521362311785664	0.6240165706734172	-0.2865162826758231	-0.22318086285180191	1.3082580670513468	1.2412411311750167	-0.07187924802313489	-0.050062617432175896	0.6585553725734565	0.3364546830899798
0	1	17868275	17869946	2.1192666402688114	2.0114254065071258	-0.2865162826758231	2.534950586187948	-0.6932379236202634	1.2412411311750167	-0.07187924802313489	-0.050062617432175896	0.6585553725734565	0.3364546830899798
0	10	25115483	25121163	-0.5115644214076639	-0.5215477507615845	-0.2865162826758231	-0.4024643505179056	-0.6932379236202634	-0.7955261741372448	-0.07187924802313489	-0.050062617432175896	0.532922494278951	0.3364546830899798
0	12	30348844	30349948	0.14065178937997302	-0.5215477507615845	-0.2865162826758231	-0.4024643505179056	-0.6932379236202634	-0.7955261741372448	-0.07187924802313489	-0.050062617432175896	0.6585553725734565	0.3364546830899798
0	10	54998746	55088863	-0.2394048919646082	-0.5215477507615845	-0.2865162826758231	-0.4024643505179056	-0.6932379236202634	-0.7955261741372448	-0.07187924802313489	-0.050062617432175896	0.6585553725734565	0.3364546830899798
0	3	88565701	88566529	-0.38871609401323415	-0.5215477507615845	-0.2865162826758231	-0.4024643505179056	-0.6932379236202634	-0.7955261741372448	-0.07187924802313489	-0.050062617432175896	0.6585553725734565	0.3364546830899798
0	11	99732616	99735785	-0.2670084669445563	-0.5215477507615845	-0.2865162826758231	-0.4024643505179056	1.4383588937839735	1.2412411311750167	-0.07187924802313489	-0.050062617432175896	0.6585553725734565	0.3364546830899798
0	19	13626197	13628702	1.1627592753691673	2.0114254065071258	3.738726209419235	2.534950586187948	1.4383588937839735	1.2412411311750167	-0.07187924802313489	-0.050062617432175896	0.6585553725734565	0.3364546830899798
0	12	60745707	60757087	-0.46070397252334916	-0.5215477507615845	-0.2865162826758231	-0.4024643505179056	-0.6932379236202634	-0.7955261741372448	-0.07187924802313489	-0.050062617432175896	0.6585553725734565	0.3364546830899798
0	1	121141175	121170321	-0.28099637163715774	-0.5215477507615845	-0.2865162826758231	-0.4024643505179056	-0.6932379236202634	-0.7955261741372448	-0.05842419314782586	-0.050062617432175896	0.6585553725734565	0.3364546830899798
0	9	82475488	82475832	-0.7051599383805239	-0.5215477507615845	-0.2865162826758231	-0.4024643505179056	-0.6932379236202634	-0.7955261741372448	-0.07187924802313489	-0.050062617432175896	0.6585553725734565	0.3364546830899798
0	7	41132962	41133419	-0.5855629796061778	-0.5215477507615845	-0.2865162826758231	-0.4024643505179056	-0.6932379236202634	-0.7955261741372448	-0.07187924802313489	-0.050062617432175896	0.6585553725734565	0.3364546830899798
0	8	9479186	9484496	-0.2453948359292215	2.0114254065071258	3.738726209419235	-0.4024643505179056	1.4383588937839735	1.2412411311750167	-0.07187924802313489	-0.050062617432175896	-1.6359615043165474	0.3364546830899798
0	14	48407561	48408840	-0.1176365865661856	-0.5215477507615845	-0.2865162826758231	-0.4024643505179056	-0.6932379236202634	-0.7955261741372448	-0.07187924802313489	-0.050062617432175896	0.6585553725734565	0.3364546830899798
0	15	51119982	51125407	-0.10816414483297085	-0.5215477507615845	-0.2865162826758231	-0.4024643505179056	-0.6932379236202634	-0.7955261741372448	-0.07187924802313489	-0.050062617432175896	0.6585553725734565	0.3364546830899798
0	17	27389313	27393469	2.271073174247392	-0.5215477507615845	-0.2865162826758231	-0.4024643505179056	-0.6932379236202634	-0.7955261741372448	-0.032904379009662525	-0.050062617432175896	0.6585553725734565	0.3364546830899798
0	2	152243679	152257745	-0.40227787707706486	-0.5215477507615845	-0.2865162826758231	-0.4024643505179056	-0.6932379236202634	-0.7955261741372448	0.01903401555009086	-0.050062617432175896	0.5933053547463555	0.3364546830899798
0	19	57508485	57509952	-0.46805128691310205	-0.5215477507615845	-0.2865162826758231	-0.4024643505179056	-0.6932379236202634	-0.7955261741372448	-0.07187924802313489	-0.050062617432175896	0.6585553725734565	0.3364546830899798
0	13	68397289	68397946	-0.19839999952495116	-0.5215477507615845	-0.2865162826758231	-0.4024643505179056	-0.6932379236202634	-0.7955261741372448	-0.07187924802313489	-0.050062617432175896	0.6585553725734565	0.3364546830899798
0	5	146485307	146487201	-0.3103077882276963	-0.5215477507615845	-0.2865162826758231	-0.4024643505179056	-0.6932379236202634	-0.7955261741372448	-0.07187924802313489	-0.050062617432175896	0.6585553725734565	0.3364546830899798
0	X	98785810	98787896	-0.5647013110975035	-0.5215477507615845	-0.2865162826758231	-0.4024643505179056	-0.6932379236202634	-0.7955261741372448	-0.07187924802313489	-0.050062617432175896	0.6585553725734565	0.3364546830899798
0	2	47138761	47140746	-0.22529115598393976	2.0114254065071258	-0.2865162826758231	2.534950586187948	1.4383588937839735	1.2412411311750167	-0.07187924802313489	-0.050062617432175896	-1.6359615043165474	0.3364546830899798
0	20	52240637	52241370	2.5942604278976087	-0.5215477507615845	-0.2865162826758231	-0.4024643505179056	-0.6932379236202634	-0.7955261741372448	0.6957412496374917	-0.050062617432175896	-1.6359615043165474	0.3364546830899798
0	16	74224413	74225883	-0.3630003041499873	-0.5215477507615845	-0.2865162826758231	-0.4024643505179056	-0.6932379236202634	-0.7955261741372448	-0.07187924802313489	-0.050062617432175896	0.6585553725734565	0.3364546830899798
0	1	203790503	203793507	-0.44509239393383576	-0.5215477507615845	-0.2865162826758231	-0.4024643505179056	1.4383588937839735	1.2412411311750167	-0.07187924802313489	-0.050062617432175896	-1.6359615043165474	0.3364546830899798
0	8	51992875	51995707	-0.46754578061464247	-0.5215477507615845	-0.2865162826758231	-0.4024643505179056	-0.6932379236202634	-0.7955261741372448	-0.07187924802313489	-0.050062617432175896	0.6585553725734565	0.3364546830899798
0	17	2533554	2534210	0.5810248786911245	2.0114254065071258	-0.2865162826758231	2.534950586187948	-0.6932379236202634	1.2412411311750167	-0.07187924802313489	-0.050062617432175896	-1.6359615043165474	0.3364546830899798
0	10	102288069	102291404	1.1338759587372491	3.329938570230808	-0.2865162826758231	3.3655299820840856	0.29042849376657937	1.0360375885708428	-0.015640784776234484	-0.050062617432175896	-1.6359615043165474	0.3364546830899798
0	3	194398762	194400296	-0.36817436635753165	-0.5215477507615845	-0.2865162826758231	-0.4024643505179056	-0.6932379236202634	-0.7955261741372448	-0.07187924802313489	-0.050062617432175896	-1.6359615043165474	0.3364546830899798
0	11	101444635	101445461	-0.2146111458192685	-0.5215477507615845	-0.2865162826758231	-0.4024643505179056	1.4383588937839735	1.2412411311750167	-0.07187924802313489	-0.050062617432175896	0.6585553725734565	0.3364546830899798
0	17	4468512	4470067	0.5829996992565422	0.4574341576104378	-0.2865162826758231	-0.4024643505179056	-0.6932379236202634	-0.7955261741372448	-0.07187924802313489	-0.050062617432175896	-1.6359615043165474	0.3364546830899798
0	2	5593658	5604746	0.37705639987286527	-0.5215477507615845	-0.2865162826758231	-0.4024643505179056	-0.6932379236202634	-0.7955261741372448	-0.07187924802313489	-0.050062617432175896	0.6585553725734565	0.3364546830899798
0	1	225745284	225748699	-0.3516961928480519	-0.5215477507615845	-0.2865162826758231	-0.4024643505179056	1.4383588937839735	1.2412411311750167	-0.07187924802313489	-0.050062617432175896	0.6585553725734565	0.3364546830899798
0	3	185857384	185859055	-0.5614984791373605	-0.5215477507615845	-0.2865162826758231	-0.4024643505179056	-0.6932379236202634	-0.7955261741372448	-0.07187924802313489	-0.050062617432175896	0.6585553725734565	0.3364546830899798
0	16	9961956	9966584	-0.26011132592982433	-0.5215477507615845	-0.2865162826758231	-0.4024643505179056	1.4383588937839735	1.2412411311750167	-0.07187924802313489	-0.050062617432175896	0.6585553725734565	0.3364546830899798
0	2	111883196	111886130	-0.3362467024754942	1.822358902948214	-0.2865162826758231	-0.4024643505179056	1.4383588937839735	1.2412411311750167	-0.07187924802313489	-0.050062617432175896	-1.6359615043165474	0.3364546830899798
0	5	17651003	17796720	-0.36053128151481173	-0.5215477507615845	-0.2865162826758231	-0.4024643505179056	-0.6932379236202634	-0.7955261741372448	-0.0552636980562106	-0.050062617432175896	0.5874604166029221	0.3364546830899798
0	9	8152608	8152712	-0.4036906769696907	-0.5215477507615845	-0.2865162826758231	-0.4024643505179056	-0.6932379236202634	-0.7955261741372448	-0.07187924802313489	-0.050062617432175896	0.6585553725734565	0.3364546830899798
0	17	80407483	80408431	2.948577093395875	2.0114254065071258	-0.2865162826758231	2.534950586187948	-0.6932379236202634	1.2412411311750167	-0.07187924802313489	-0.050062617432175896	-1.6359615043165474	0.3364546830899798
0	1	19647187	19648342	-0.4612239162908229	2.0114254065071258	-0.2865162826758231	-0.4024643505179056	1.4383588937839735	1.2412411311750167	-0.07187924802313489	-0.050062617432175896	-1.6359615043165474	0.3364546830899798
0	11	12091682	12096715	-0.5897030917824988	-0.5215477507615845	-0.2865162826758231	-0.4024643505179056	-0.6932379236202634	-0.7955261741372448	0.0009570941360842018	-0.050062617432175896	0.6585553725734565	0.3364546830899798
0	7	56493670	56496850	-0.5488927439676055	-0.5215477507615845	-0.2865162826758231	-0.4024643505179056	-0.6932379236202634	-0.7955261741372448	-0.07187924802313489	-0.050062617432175896	0.6585553725734565	0.3364546830899798
0	2	95706333	95707429	-0.3645571370921512	-0.5215477507615845	-0.2865162826758231	-0.4024643505179056	1.4383588937839735	1.2412411311750167	-0.07187924802313489	-0.050062617432175896	-1.6359615043165474	0.3364546830899798
0	6	19685573	19686511	-0.4696084648185219	-0.5215477507615845	-0.2865162826758231	-0.4024643505179056	-0.6932379236202634	-0.7955261741372448	-0.07187924802313489	-0.050062617432175896	0.6585553725734565	0.3364546830899798
0	12	10995065	10995658	0.15249662696531874	-0.5215477507615845	-0.2865162826758231	-0.4024643505179056	-0.6932379236202634	-0.7955261741372448	-0.07187924802313489	-0.050062617432175896	0.6585553725734565	0.3364546830899798
0	1	238840119	238883317	-0.4296561527754059	-0.5215477507615845	-0.2865162826758231	-0.4024643505179056	-0.6932379236202634	-0.7955261741372448	-0.012673453059432923	-0.050062617432175896	0.6585553725734565	0.3364546830899798
0	2	40642778	40655158	-0.41962573650038354	-0.5215477507615845	-0.2865162826758231	-0.4024643505179056	1.4383588937839735	1.2412411311750167	0.03141525645352078	-0.050062617432175896	0.6585553725734565	0.3364546830899798
0	2	59331918	59342511	-0.41581525259351954	-0.5215477507615845	-0.2865162826758231	-0.4024643505179056	-0.6932379236202634	-0.7955261741372448	-0.07187924802313489	-0.050062617432175896	0.6585553725734565	0.3364546830899798
0	2	67319127	67334496	-0.43767400094463094	-0.5215477507615845	-0.2865162826758231	-0.4024643505179056	-0.6932379236202634	-0.7955261741372448	-0.07187924802313489	-0.050062617432175896	0.6585553725734565	0.3364546830899798
0	11	12543450	12545178	0.035154850116920974	-0.5215477507615845	3.738726209419235	-0.4024643505179056	1.4383588937839735	1.2412411311750167	-0.07187924802313489	-0.050062617432175896	0.6585553725734565	0.3364546830899798
0	1	157540655	157540871	-0.7506527819708859	-0.5215477507615845	-0.2865162826758231	-0.4024643505179056	-0.6932379236202634	-0.7955261741372448	-0.07187924802313489	-0.050062617432175896	0.6585553725734565	0.3364546830899798
0	2	163934121	163935798	1.068543947995219	-0.5215477507615845	-0.2865162826758231	-0.4024643505179056	-0.6932379236202634	-0.7955261741372448	-0.07187924802313489	-0.050062617432175896	0.6585553725734565	0.3364546830899798
0	17	2693697	2696732	0.21588469387813491	2.0114254065071258	-0.2865162826758231	2.534950586187948	-0.6932379236202634	1.2412411311750167	-0.07187924802313489	-0.050062617432175896	-1.3690868889814005	0.3364546830899798
0	2	149960423	149970626	-0.4756921419871927	2.0114254065071258	-0.2865162826758231	2.534950586187948	-0.6932379236202634	1.2412411311750167	-0.07187924802313489	-0.050062617432175896	0.6135780741927843	0.3364546830899798
0	4	127519528	127569887	-0.3590929588683315	-0.5215477507615845	-0.2865162826758231	-0.4024643505179056	-0.6932379236202634	-0.7955261741372448	-0.04479296030662488	-0.050062617432175896	0.6585553725734565	0.30508327813357156
0	21	30560381	30561536	-0.3405823018515824	-0.5215477507615845	-0.2865162826758231	-0.4024643505179056	-0.6932379236202634	-0.7955261741372448	-0.07187924802313489	-0.050062617432175896	0.6585553725734565	0.3364546830899798
0	18	20054141	20067271	-0.39230448333949347	-0.5215477507615845	-0.2865162826758231	-0.4024643505179056	-0.6932379236202634	-0.7955261741372448	-0.06668489020472014	-0.050062617432175896	0.6585553725734565	0.3364546830899798
0	12	104597022	104644702	-0.0034488752056076066	1.4416658194327359	-0.2865162826758231	1.7627702418785696	0.8769370642335875	0.7009082946629615	0.02038215552233979	-0.050062617432175896	0.22544606275780985	0.3364546830899798
0	1	21437150	21443545	-0.23828627349211243	2.0114254065071258	-0.2865162826758231	2.534950586187948	-0.6932379236202634	1.2412411311750167	-0.07187924802313489	-0.050062617432175896	-1.6359615043165474	0.3364546830899798
0	13	73847728	73857221	-0.331039808663895	-0.5215477507615845	-0.2865162826758231	-0.4024643505179056	-0.6932379236202634	-0.7955261741372448	-0.051223974168938986	-0.050062617432175896	0.6585553725734565	0.3364546830899798
0	13	55970790	56035083	-0.10810615375928324	-0.5215477507615845	-0.2865162826758231	-0.4024643505179056	-0.6932379236202634	-0.7955261741372448	-0.07187924802313489	-0.050062617432175896	0.6585553725734565	-3.010648245299393
0	2	58688824	58691324	-0.43790627266110044	-0.5215477507615845	-0.2865162826758231	-0.4024643505179056	-0.6932379236202634	-0.7955261741372448	-0.07187924802313489	-0.050062617432175896	0.6585553725734565	0.3364546830899798
0	3	7905946	7906150	-0.523388490476188	-0.5215477507615845	-0.2865162826758231	-0.4024643505179056	-0.6932379236202634	-0.7955261741372448	-0.07187924802313489	-0.050062617432175896	0.6585553725734565	0.3364546830899798
0	4	64091087	64091241	-0.7485030553299009	-0.5215477507615845	-0.2865162826758231	-0.4024643505179056	-0.6932379236202634	-0.7955261741372448	-0.07187924802313489	-0.050062617432175896	0.6585553725734565	0.3364546830899798
0	8	92665401	92665595	-0.6026044353912164	-0.5215477507615845	-0.2865162826758231	-0.4024643505179056	-0.6932379236202634	-0.7955261741372448	-0.07187924802313489	-0.050062617432175896	0.6585553725734565	0.3364546830899798
0	3	186094727	186096799	-0.2348024906507709	-0.5215477507615845	-0.2865162826758231	-0.4024643505179056	-0.6932379236202634	-0.7955261741372448	-0.07187924802313489	-0.050062617432175896	0.6585553725734565	0.3364546830899798
0	2	46705265	46706907	-0.2760674373555157	2.0114254065071258	-0.2865162826758231	-0.4024643505179056	-0.4556726266744806	-0.7136585479797484	-0.07187924802313489	-0.050062617432175896	0.6585553725734565	0.3364546830899798
0	11	40774804	40796039	-0.4849973372626181	2.0114254065071258	-0.2865162826758231	2.534950586187948	-0.6932379236202634	1.2412411311750167	-0.07187924802313489	-0.050062617432175896	0.6585553725734565	0.3364546830899798
0	6	7984382	7987235	-0.2722203422409148	2.0114254065071258	-0.2865162826758231	-0.4024643505179056	1.4383588937839735	1.2412411311750167	-0.07187924802313489	-0.050062617432175896	0.6585553725734565	0.3364546830899798
0	4	152161353	152163154	-0.22637103506716333	-0.5215477507615845	-0.2865162826758231	-0.4024643505179056	-0.6932379236202634	-0.7955261741372448	-0.07187924802313489	-0.050062617432175896	0.6585553725734565	0.3364546830899798
0	13	28669631	28670811	-0.42162481917108713	-0.5215477507615845	-0.2865162826758231	-0.4024643505179056	1.4383588937839735	1.2412411311750167	-0.07187924802313489	-0.050062617432175896	0.6585553725734565	0.3364546830899798
0	3	155037216	155052753	-0.16908916857147874	-0.5215477507615845	-0.2865162826758231	-0.4024643505179056	-0.6932379236202634	-0.7955261741372448	-0.017008682473329474	-0.050062617432175896	0.4153250645192737	-2.410897035114929
0	8	3518052	3519166	1.7731709577722383	2.0114254065071258	-0.2865162826758231	-0.4024643505179056	1.4383588937839735	1.2412411311750167	-0.07187924802313489	-0.050062617432175896	0.3701959805046947	0.3364546830899798
0	14	46425917	46698338	-0.41927279115041954	-0.5215477507615845	-0.2865162826758231	-0.4024643505179056	-0.6932379236202634	-0.7955261741372448	-0.0668095623430492	-0.050062617432175896	0.6383409232302121	0.3364546830899798
0	1	154157587	154161373	2.1823048009801984	2.0114254065071258	-0.2865162826758231	2.534950586187948	1.4383588937839735	1.2412411311750167	0.4347712929519043	-0.050062617432175896	-1.036575030136882	-3.010648245299393
0	3	93954860	93958526	-0.6290925926199541	-0.5215477507615845	-0.2865162826758231	-0.4024643505179056	-0.6932379236202634	-0.7955261741372448	-0.07187924802313489	-0.050062617432175896	0.6585553725734565	0.3364546830899798
0	18	35825519	35838194	0.03718865236849668	-0.5215477507615845	-0.2865162826758231	-0.4024643505179056	-0.6932379236202634	-0.7955261741372448	-0.07187924802313489	-0.050062617432175896	0.6585553725734565	0.3364546830899798
0	18	33585202	33589205	-0.43831962027104904	2.0114254065071258	3.738726209419235	-0.4024643505179056	1.4383588937839735	1.2412411311750167	-0.07187924802313489	-0.050062617432175896	0.6585553725734565	0.3364546830899798
0	1	228846837	228855752	-0.48612908565830015	-0.5215477507615845	-0.2865162826758231	-0.4024643505179056	-0.6932379236202634	-0.7955261741372448	-0.07187924802313489	-0.050062617432175896	0.6585553725734565	0.3364546830899798
0	6	136569528	136570778	0.23280972632278407	2.0114254065071258	-0.2865162826758231	0.868848834088388	0.51580379121142	1.2412411311750167	-0.07187924802313489	-0.050062617432175896	-1.6359615043165474	-3.010648245299393
0	17	48844118	48844503	-0.5113541268388216	-0.5215477507615845	-0.2865162826758231	-0.4024643505179056	-0.6932379236202634	-0.7955261741372448	-0.07187924802313489	-0.050062617432175896	-1.6359615043165474	0.3364546830899798
0	X	148803850	148831837	-0.5628135581215958	-0.5215477507615845	-0.2865162826758231	-0.4024643505179056	-0.6932379236202634	-0.7955261741372448	-0.07187924802313489	-0.050062617432175896	0.6145293761147459	-3.010648245299393
0	11	132566389	132575348	-0.17002827542375268	-0.5215477507615845	-0.2865162826758231	-0.4024643505179056	1.4383588937839735	1.2412411311750167	-0.07187924802313489	-0.050062617432175896	0.6585553725734565	0.3364546830899798
0	8	134359568	134360174	-0.6295481826191879	-0.5215477507615845	-0.2865162826758231	-0.4024643505179056	-0.6932379236202634	-0.7955261741372448	-0.07187924802313489	-0.050062617432175896	0.6585553725734565	0.3364546830899798
0	8	6643191	6655048	-0.4126323266311509	-0.5215477507615845	-0.2865162826758231	-0.4024643505179056	-0.6932379236202634	-0.7955261741372448	-0.07187924802313489	-0.050062617432175896	0.6200457277643892	0.3364546830899798
0	5	116755975	116756544	-0.36814804174766524	-0.5215477507615845	-0.2865162826758231	-0.4024643505179056	-0.6932379236202634	-0.7955261741372448	-0.07187924802313489	-0.050062617432175896	0.6585553725734565	-3.010648245299393
0	14	75039323	75042689	1.0953052089596347	2.0114254065071258	-0.2865162826758231	-0.4024643505179056	1.4383588937839735	1.2412411311750167	-0.07187924802313489	-0.050062617432175896	0.38588551198046733	-3.010648245299393
0	21	35696523	35696643	-0.7684065740274595	-0.5215477507615845	-0.2865162826758231	-0.4024643505179056	-0.6932379236202634	-0.7955261741372448	-0.07187924802313489	-0.050062617432175896	0.6585553725734565	0.3364546830899798
0	12	75025512	75028885	-0.5598103466512677	-0.5215477507615845	-0.2865162826758231	-0.4024643505179056	-0.6932379236202634	-0.7955261741372448	-0.07187924802313489	-0.050062617432175896	0.6585553725734565	-3.010648245299393
0	12	121535791	121542362	-0.43219485609807673	-0.5215477507615845	-0.2865162826758231	-0.4024643505179056	-0.6932379236202634	-0.7955261741372448	-0.07187924802313489	-0.050062617432175896	0.6585553725734565	0.3364546830899798
0	1	48352571	48353250	0.009145816140427665	-0.5215477507615845	-0.2865162826758231	-0.4024643505179056	1.4383588937839735	1.2412411311750167	-0.07187924802313489	-0.050062617432175896	0.6585553725734565	0.3364546830899798
0	9	28507830	28644878	-0.35282512180507475	2.0114254065071258	-0.2865162826758231	2.534950586187948	-0.6932379236202634	1.2412411311750167	-0.043886443339644594	-0.050062617432175896	0.6552068860915088	0.3364546830899798
0	16	74138685	74140754	0.19065538744430294	-0.5215477507615845	-0.2865162826758231	-0.4024643505179056	-0.6932379236202634	-0.7955261741372448	-0.07187924802313489	-0.050062617432175896	0.6585553725734565	0.3364546830899798
0	1	234086934	234087823	-0.6320726518962809	2.0114254065071258	-0.2865162826758231	2.534950586187948	1.4383588937839735	1.2412411311750167	-0.07187924802313489	-0.050062617432175896	0.6585553725734565	0.3364546830899798
0	14	70787842	70789134	-0.5014503350423594	-0.5215477507615845	-0.2865162826758231	-0.4024643505179056	-0.6932379236202634	-0.7955261741372448	-0.07187924802313489	-0.050062617432175896	-1.6359615043165474	0.3364546830899798
0	9	9898128	9919575	-0.23599694198289542	2.0114254065071258	-0.2865162826758231	2.534950586187948	-0.6932379236202634	1.2412411311750167	-0.07187924802313489	-0.050062617432175896	0.6585553725734565	0.3364546830899798
0	1	222374169	222380531	-0.5337290930953554	-0.5215477507615845	-0.2865162826758231	-0.4024643505179056	-0.6932379236202634	-0.7955261741372448	-0.07187924802313489	-0.050062617432175896	0.6585553725734565	0.3364546830899798
0	5	161585512	161585660	-0.09971464114792249	-0.5215477507615845	-0.2865162826758231	-0.4024643505179056	-0.6932379236202634	-0.7955261741372448	-0.07187924802313489	-0.050062617432175896	0.6585553725734565	0.3364546830899798
0	12	80442260	80442515	-0.18144960450662015	-0.5215477507615845	-0.2865162826758231	-0.4024643505179056	-0.6932379236202634	-0.7955261741372448	-0.07187924802313489	-0.050062617432175896	0.6585553725734565	0.3364546830899798
0	X	93487027	93488017	-0.4831847927659111	-0.5215477507615845	-0.2865162826758231	-0.4024643505179056	-0.6932379236202634	-0.7955261741372448	-0.07187924802313489	-0.050062617432175896	0.6585553725734565	0.3364546830899798
0	4	71799331	71800240	-0.12242166261475423	-0.5215477507615845	-0.2865162826758231	2.534950586187948	1.4383588937839735	1.2412411311750167	-0.07187924802313489	-0.050062617432175896	-1.6359615043165474	0.3364546830899798
0	7	109452956	109463483	-0.4257063663672354	-0.5215477507615845	-0.2865162826758231	-0.4024643505179056	-0.6932379236202634	-0.7955261741372448	-0.07187924802313489	-0.050062617432175896	0.6585553725734565	0.3364546830899798
0	8	62850069	62861079	0.06696610588843546	-0.5215477507615845	-0.2865162826758231	-0.4024643505179056	-0.6932379236202634	-0.7955261741372448	-0.07187924802313489	-0.050062617432175896	0.6585553725734565	0.3364546830899798
0	X	66483120	66484333	-0.3951189239008624	-0.5215477507615845	-0.2865162826758231	-0.4024643505179056	-0.6932379236202634	-0.7955261741372448	-0.07187924802313489	-0.050062617432175896	0.6585553725734565	0.3364546830899798
0	2	57549190	57553493	-0.5737348380650357	-0.5215477507615845	-0.2865162826758231	-0.4024643505179056	-0.6932379236202634	-0.7955261741372448	-0.07187924802313489	-0.050062617432175896	0.6585553725734565	0.3364546830899798
