Label (1 = gold standard, 0 = negative)	Chromosome	Start	End	E003-H3K4me1.pval.signal.bigwig_mean	28736.Roadmap.SRS004212_Combined_Libraries_424.WGB-Seq.signal.bigWig_mean	E003-DNase.pval.signal.bigwig_mean	E003-H3K4me3.pval.signal.bigwig_mean	data/gc19_pc.prom.nr.bed_overlap	data/gc19_pc.3utr.nr.bed_overlap	data/gc19_pc.5utr.nr.bed_overlap	data/gc19_pc.cds.nr.bed_overlap	data/gc19_pc.ss.nr.bed_overlap	data/sensitive.nc.bed_overlap	data/ultra.conserved.hg19.bed_overlap	data/wgEncodeBroadHmmGm12878HMM.Heterochrom.bed_overlap	data/H1-ESC_Dixon2015-raw_TADs.bed_overlap
0	5	15228798	15260402	-0.18628520322870798	0.2614647993848135	-0.3036789457620793	-0.11050633858202794	-0.509502217672009	-0.26814273664101357	-0.4047130486231305	-0.6933653657537243	-0.8058052824281919	0.03758246720192455	-0.05006261743217589	0.6314180545195395	0.3490364487946443
0	2	43301895	43306146	-0.40876278489307044	0.40274483071208356	-0.41436302254489427	-0.12362475403721036	-0.509502217672009	-0.26814273664101357	-0.4047130486231305	-0.6933653657537243	-0.8058052824281919	-0.048906523220499265	-0.05006261743217589	0.5212011505119595	0.3490364487946443
0	13	53037516	53038864	-0.4089513065286002	0.30176111508018355	-0.21445942374362148	-0.12184426566010595	-0.509502217672009	-0.26814273664101357	-0.4047130486231305	1.4325296605384434	1.1942990727163316	-0.08268450890779835	-0.05006261743217589	-1.7112422401615661	0.3490364487946443
0	13	21455655	21458145	3.8460166623513463	0.32412112051791686	2.246830036574172	-0.06378521094856568	-0.509502217672009	-0.26814273664101357	-0.4047130486231305	1.4325296605384434	1.1942990727163316	-0.08268450890779835	-0.05006261743217589	-1.7112422401615661	0.3490364487946443
0	1	85910957	85915409	2.810059562144906	0.3587725522171161	-0.32059177004772293	-0.0924209087448515	1.9658595149159979	-0.26814273664101357	2.4646539459549626	1.4325296605384434	1.1942990727163316	0.16016137392158009	-0.05006261743217589	0.6314180545195395	0.3490364487946443
0	16	67565106	67568244	-0.29336988476318976	0.21685969464478533	-0.03336315665086081	-0.11888065460116261	1.9658595149159979	-0.26814273664101357	2.4646539459549626	1.4325296605384434	1.1942990727163316	-0.08268450890779835	-0.05006261743217589	-1.7112422401615661	0.3490364487946443
0	2	231884087	231885265	-0.6267331523391054	0.31531350143166553	-0.565163331368482	-0.1310651443195524	-0.509502217672009	3.9757332738310347	-0.4047130486231305	-0.6933653657537243	1.1942990727163316	-0.08268450890779835	-0.05006261743217589	0.6314180545195395	-2.9229522187936534
0	1	105091218	105092753	-0.46890296274090965	0.33925997389068047	-0.5581078974817487	-0.10616074151110931	-0.509502217672009	-0.26814273664101357	-0.4047130486231305	-0.6933653657537243	-0.8058052824281919	-0.08268450890779835	-0.05006261743217589	0.6314180545195395	0.3490364487946443
0	20	23039635	23055953	0.6461819984539673	0.32532739487675466	0.498133370343218	-0.10143748497475996	-0.509502217672009	-0.26814273664101357	-0.4047130486231305	-0.6933653657537243	-0.8058052824281919	0.020839003313788466	-0.05006261743217589	-0.6032233558406462	0.3490364487946443
0	2	24547080	24548453	-0.48259142208346567	0.45652714529392985	-0.39876158880838836	-0.1339756465886352	1.9658595149159979	-0.26814273664101357	2.4646539459549626	1.4325296605384434	1.1942990727163316	-0.08268450890779835	-0.05006261743217589	-1.7112422401615661	0.3490364487946443
0	22	16940402	16944607	-0.6233256585114002	-0.11455590180374753	-0.4338248037222482	-0.11873006548005745	-0.509502217672009	-0.26814273664101357	-0.4047130486231305	-0.6933653657537243	-0.8058052824281919	-0.08268450890779835	-0.05006261743217589	0.6314180545195395	0.3490364487946443
0	10	91743010	91749571	-0.03205501030209318	0.23348920889637662	-0.09288464564602417	-0.10170023438723128	-0.509502217672009	-0.26814273664101357	-0.4047130486231305	-0.6933653657537243	-0.8058052824281919	-0.08268450890779835	-0.05006261743217589	0.6314180545195395	0.3490364487946443
0	8	5742207	5758561	-0.3983510164197224	0.5057605291534255	-0.19336716171161286	-0.1076839185767351	-0.509502217672009	-0.26814273664101357	-0.4047130486231305	-0.6933653657537243	-0.8058052824281919	-0.08268450890779835	-0.05006261743217589	0.6314180545195395	0.3490364487946443
0	17	4232177	4233901	0.6245320751517663	0.5491781659946834	0.1796878147517063	-0.11748904377404472	1.9658595149159979	-0.26814273664101357	-0.4047130486231305	1.4325296605384434	1.1942990727163316	0.1818805151969599	-0.05006261743217589	-1.7112422401615661	0.3490364487946443
0	20	16143040	16151318	-0.5106596079914739	0.44250614634418584	-0.13045497245163368	-0.10656032754283813	-0.509502217672009	-0.26814273664101357	-0.4047130486231305	-0.6933653657537243	-0.8058052824281919	-0.08268450890779835	-0.05006261743217589	0.6314180545195395	0.3490364487946443
0	4	112949390	112995250	-0.19394509818322078	0.31599734296799514	-0.2903219452154361	-0.11336717528436403	-0.509502217672009	-0.26814273664101357	-0.4047130486231305	-0.6933653657537243	-0.8058052824281919	-0.07863255439477027	-0.05006261743217589	0.5701186137516081	0.3490364487946443
0	16	48005604	48007214	-0.48524883372159017	0.3780767480638406	-0.12351955859402088	-0.11076577479076502	-0.509502217672009	-0.26814273664101357	-0.4047130486231305	-0.6933653657537243	-0.8058052824281919	-0.08268450890779835	-0.05006261743217589	0.6314180545195395	0.3490364487946443
0	1	182546284	182547847	-0.48590176103014066	0.2508382022574885	-0.535846729989294	-0.09858817236506168	-0.509502217672009	3.9757332738310347	-0.4047130486231305	1.4325296605384434	1.1942990727163316	-0.08268450890779835	-0.05006261743217589	-1.7112422401615661	0.3490364487946443
0	9	36474157	36474999	-0.6031238338423965	0.33074655755336957	-0.05620963039006172	-0.07100443574834825	-0.509502217672009	-0.26814273664101357	-0.4047130486231305	-0.6933653657537243	-0.8058052824281919	-0.08268450890779835	-0.05006261743217589	-1.7112422401615661	0.3490364487946443
0	3	14385028	14392225	1.1400960966069393	0.29602674490044817	0.34699729027721726	-0.12446973675307718	-0.509502217672009	-0.26814273664101357	-0.4047130486231305	-0.6933653657537243	-0.8058052824281919	-0.08268450890779835	-0.05006261743217589	0.6314180545195395	0.3490364487946443
0	11	56384293	56395496	-0.0025885091173872845	0.3496204600584645	0.3520820845289562	-0.11218697086400974	-0.509502217672009	-0.26814273664101357	-0.4047130486231305	-0.6933653657537243	-0.8058052824281919	-0.08268450890779835	-0.05006261743217589	0.5477740200758687	0.3490364487946443
0	20	49385027	49387836	1.5660782890426208	0.3984822395811653	0.5390458316587985	-0.10753271785884486	-0.509502217672009	-0.26814273664101357	-0.4047130486231305	-0.6933653657537243	-0.8058052824281919	-0.08268450890779835	-0.05006261743217589	0.6314180545195395	0.3490364487946443
0	8	104014161	104014505	1.8147619337499992	0.4024031183968474	-0.08954574700835612	-0.11603703878444449	-0.509502217672009	-0.26814273664101357	-0.4047130486231305	-0.6933653657537243	-0.8058052824281919	-0.08268450890779835	-0.05006261743217589	0.6314180545195395	-2.9229522187936534
0	X	80287951	80295028	-0.5205750052945078	0.16715983040584725	-0.4251151379768946	-0.12665448742933025	-0.509502217672009	-0.26814273664101357	-0.4047130486231305	-0.6933653657537243	-0.8058052824281919	-0.08268450890779835	-0.05006261743217589	0.6314180545195395	0.3490364487946443
0	8	135118174	135120085	0.03991562747617774	-0.2579992153493492	0.18215612590993147	-0.08714277907526011	-0.509502217672009	-0.26814273664101357	-0.4047130486231305	-0.6933653657537243	-0.8058052824281919	-0.08268450890779835	-0.05006261743217589	0.6314180545195395	0.3490364487946443
0	6	55413595	55417911	-0.48505480473512685	-0.06730616086598123	-0.5669574646927806	-0.11901679447748989	-0.509502217672009	-0.26814273664101357	-0.4047130486231305	1.4325296605384434	1.1942990727163316	-0.08268450890779835	-0.05006261743217589	0.6314180545195395	0.3490364487946443
0	7	146253839	146254815	-0.3142603317352396	0.588803087786672	-0.20740364992586843	-0.11498480068065901	1.9658595149159979	-0.26814273664101357	2.4646539459549626	1.4325296605384434	1.1942990727163316	-0.08268450890779835	-0.05006261743217589	0.6314180545195395	0.3490364487946443
0	10	91840212	91840808	-0.2754181944005496	0.7348080220178758	0.009083396498176117	-0.08230800847418959	-0.509502217672009	-0.26814273664101357	-0.4047130486231305	-0.6933653657537243	-0.8058052824281919	-0.08268450890779835	-0.05006261743217589	0.6314180545195395	0.3490364487946443
0	5	26026711	26028832	-0.5470793431380114	0.46899445080941027	-0.5071418143520954	-0.1207969025610827	-0.509502217672009	-0.26814273664101357	-0.4047130486231305	-0.6933653657537243	-0.8058052824281919	-0.08268450890779835	-0.05006261743217589	0.6314180545195395	0.3490364487946443
0	3	28511595	28537146	-0.43175432767513505	0.2962363184572158	-0.42503751688389374	-0.1131880212305275	1.9658595149159979	3.9757332738310347	-0.4047130486231305	1.4325296605384434	1.1942990727163316	-0.08268450890779835	-0.05006261743217589	0.5947437905818289	0.3490364487946443
0	19	53096015	53097618	-0.5630972334438493	0.5165736558101575	-0.43038980550267547	-0.12638239253891323	-0.509502217672009	0.541979571034873	-0.4047130486231305	-0.48515231576752965	-0.7296940125193861	-0.08268450890779835	-0.05006261743217589	-1.7112422401615661	0.3490364487946443
0	2	40764807	40772028	0.3144213848752067	0.4063230115214094	-0.38858839655547506	-0.11057820720776748	1.9658595149159979	-0.26814273664101357	2.4646539459549626	-0.6933653657537243	1.1942990727163316	-0.08268450890779835	-0.05006261743217589	0.5016487541632949	0.3490364487946443
0	13	88469260	88472105	-0.45892602132332094	0.509482248496166	-0.21358616992233442	-0.11576866458277021	-0.509502217672009	-0.26814273664101357	-0.4047130486231305	-0.6933653657537243	-0.8058052824281919	-0.08268450890779835	-0.05006261743217589	0.6314180545195395	0.3490364487946443
0	12	2069969	2071786	-0.3105542446431981	0.44593933069721475	0.05381760469458738	-0.07701292632447143	-0.509502217672009	-0.26814273664101357	-0.4047130486231305	1.4325296605384434	1.1942990727163316	-0.08268450890779835	-0.05006261743217589	-1.7112422401615661	0.3490364487946443
0	22	50031103	50047669	0.014664186782273249	0.17347059792021477	0.06243472987827791	-0.12190343799889282	-0.508306823861753	-0.26814273664101357	2.4646539459549626	1.4325296605384434	1.1942990727163316	-0.08268450890779835	-0.05006261743217589	-1.7112422401615661	0.3490364487946443
0	4	113225327	113232187	0.23624203805129446	-0.1486888436117579	0.6271131165692583	-0.07573959198304925	-0.509502217672009	-0.26814273664101357	2.4646539459549626	-0.6933653657537243	1.1942990727163316	-0.08268450890779835	-0.05006261743217589	-1.7112422401615661	0.3490364487946443
0	18	10462404	10462659	-0.5610164243151156	-3.1924788642559028	-0.5334924627316814	-0.1352615513524204	1.9658595149159979	-0.26814273664101357	-0.4047130486231305	1.4325296605384434	1.1942990727163316	-0.08268450890779835	-0.05006261743217589	0.6314180545195395	0.3490364487946443
0	12	133762765	133764199	-0.47311987839944347	0.5833804164948715	-0.36347536766529354	-0.11816084218072763	1.9658595149159979	-0.26814273664101357	-0.4047130486231305	3.5584246868306115	3.194403427860855	-0.08268450890779835	-0.05006261743217589	-1.7112422401615661	0.3490364487946443
0	6	139119584	139123672	-0.11670335827317009	0.4407541459758106	1.2854430356903004	-0.09392163311416658	1.9658595149159979	-0.26814273664101357	2.4646539459549626	-0.6933653657537243	1.1942990727163316	-0.08268450890779835	-0.05006261743217589	0.6314180545195395	0.3490364487946443
0	10	61361925	61365001	-0.27964814313405895	0.48325718273842416	0.012942611848852198	-0.1123864078475736	-0.509502217672009	-0.26814273664101357	-0.4047130486231305	-0.6933653657537243	-0.8058052824281919	-0.08268450890779835	-0.05006261743217589	0.6314180545195395	0.3490364487946443
0	16	12105217	12109804	-0.35597481204273373	0.32855441796937346	0.14057522841599812	-0.12365446015367453	1.9658595149159979	-0.26814273664101357	-0.4047130486231305	1.4325296605384434	1.1942990727163316	-0.08268450890779835	-0.05006261743217589	-1.7112422401615661	-2.9229522187936534
0	14	90829318	90829690	1.1394819431643681	-0.3921699438697961	0.35525662839263017	-0.133058728451441	-0.509502217672009	-0.26814273664101357	-0.4047130486231305	-0.6933653657537243	-0.8058052824281919	-0.08268450890779835	-0.05006261743217589	0.6314180545195395	0.3490364487946443
0	3	114488988	114490996	-0.5682416282763111	0.23369013876805217	-0.433975928528962	-0.11459463129296148	1.9658595149159979	-0.26814273664101357	2.4646539459549626	-0.6933653657537243	1.1942990727163316	-0.08268450890779835	-0.05006261743217589	0.6314180545195395	0.3490364487946443
0	10	17407069	17411490	-0.49371917797142717	0.4752069010881596	-0.16355575413573809	-0.11749911544556639	1.9658595149159979	-0.26814273664101357	-0.4047130486231305	1.4325296605384434	1.1942990727163316	-0.08268450890779835	-0.05006261743217589	0.6314180545195395	0.3490364487946443
0	2	242017590	242018331	-0.7008872379763119	-0.12434715667389709	5.260660471991008	-0.14013946728223217	-0.509502217672009	3.9757332738310347	-0.4047130486231305	1.4325296605384434	1.1942990727163316	-0.08268450890779835	-0.05006261743217589	-1.7112422401615661	0.3490364487946443
0	4	11880257	11898796	-0.3506973875574618	0.3504144182308396	-0.46450910740042733	-0.11542169922837883	-0.509502217672009	-0.26814273664101357	-0.4047130486231305	-0.6933653657537243	-0.8058052824281919	-0.08268450890779835	-0.05006261743217589	0.6314180545195395	0.3490364487946443
0	11	118607714	118616631	0.8008616074837532	0.41951768540487566	0.22521010215070855	-0.10785037355392736	-0.509502217672009	-0.26814273664101357	-0.4047130486231305	-0.6933653657537243	-0.8058052824281919	-0.08268450890779835	-0.05006261743217589	0.6314180545195395	0.3490364487946443
0	8	11642166	11645317	1.878606907706162	0.4391528834660217	0.1620364699252574	-0.09744581083302208	-0.509502217672009	1.177010852453403	-0.4047130486231305	0.396906409075899	0.02254641019751512	-0.08268450890779835	-0.05006261743217589	-1.7112422401615661	0.3490364487946443
0	12	132094079	132098818	0.12176181529747615	0.35315011574824284	0.24507915978771114	-0.12076079399535712	-0.509502217672009	-0.26814273664101357	-0.4047130486231305	-0.6933653657537243	-0.8058052824281919	-0.08268450890779835	-0.05006261743217589	0.6314180545195395	0.3490364487946443
0	3	155595468	155615602	-0.0346603363438203	0.4020605359109337	-0.40502604681875015	-0.10640364889822984	-0.509502217672009	-0.26814273664101357	-0.4047130486231305	1.4325296605384434	1.1942990727163316	-0.009689172411537958	-0.05006261743217589	-1.7112422401615661	-2.9229522187936534
0	4	55074371	55074570	0.3443648855161327	0.6261227523171033	-0.12063807059623118	-0.04136429086171111	-0.509502217672009	-0.26814273664101357	-0.4047130486231305	1.4325296605384434	1.1942990727163316	-0.08268450890779835	-0.05006261743217589	0.6314180545195395	0.3490364487946443
0	12	38084722	38086524	-0.6596676197058496	-0.7625572212980832	0.046628105882854036	-0.11853441007038222	-0.509502217672009	-0.26814273664101357	-0.4047130486231305	-0.6933653657537243	-0.8058052824281919	-0.08268450890779835	-0.05006261743217589	-1.7112422401615661	0.3490364487946443
0	3	11956506	11958084	0.24785317541032587	-0.1426933086207716	-0.22913639199725092	-0.13366187420468997	-0.509502217672009	-0.26814273664101357	-0.4047130486231305	-0.6933653657537243	-0.8058052824281919	-0.08268450890779835	-0.05006261743217589	0.6314180545195395	0.3490364487946443
0	1	71718761	71731545	-0.40075798742744734	0.35606073182151815	-0.49043880283679525	-0.11872741707072033	-0.509502217672009	-0.26814273664101357	-0.4047130486231305	-0.6933653657537243	-0.8058052824281919	-0.08268450890779835	-0.05006261743217589	0.6314180545195395	0.3490364487946443
0	2	76557061	76557292	-0.43792351539101054	0.2203960050791107	-0.6983447690637155	-0.14753589687605834	-0.509502217672009	-0.26814273664101357	-0.4047130486231305	-0.6933653657537243	-0.8058052824281919	-0.08268450890779835	-0.05006261743217589	0.6314180545195395	0.3490364487946443
0	8	114197224	114197336	0.23157169147282292	-3.1924788642559028	-0.21634238781957235	-0.11541187116267304	1.9658595149159979	-0.26814273664101357	-0.4047130486231305	1.4325296605384434	1.1942990727163316	-0.08268450890779835	-0.05006261743217589	0.6314180545195395	0.3490364487946443
0	2	49487430	49491516	0.09897809264011809	0.5026128853000844	-0.41593658190569865	-0.09904298603487179	-0.509502217672009	-0.26814273664101357	-0.4047130486231305	-0.6933653657537243	-0.8058052824281919	-0.06407992000436429	-0.05006261743217589	0.6314180545195395	0.3490364487946443
0	3	29558377	29569679	-0.18863781202793006	0.4985078203576757	-0.42489958909395703	-0.11980546843600036	-0.509502217672009	-0.26814273664101357	-0.4047130486231305	1.4325296605384434	1.1942990727163316	-0.06773762629912877	-0.05006261743217589	0.5899623777423122	0.3490364487946443
0	15	23177653	23183042	-0.64620285048176	0.5856271079722306	-0.4549878404779742	-0.1235903045097933	-0.509502217672009	-0.26814273664101357	-0.4047130486231305	-0.6933653657537243	-0.8058052824281919	-0.08268450890779835	-0.05006261743217589	0.6314180545195395	0.3490364487946443
0	7	36953181	36953317	0.20481347285035129	0.5821544249697366	0.20517386605933866	-0.10115470846815092	-0.509502217672009	3.9757332738310347	-0.4047130486231305	1.4325296605384434	1.1942990727163316	-0.08268450890779835	-0.05006261743217589	-1.7112422401615661	0.3490364487946443
0	X	32298048	32298151	-0.6579163943889214	-3.1924788642559028	-0.5334924627316814	-0.1309275573685943	1.9658595149159979	3.9757332738310347	2.4646539459549626	1.4325296605384434	1.1942990727163316	-0.08268450890779835	-0.05006261743217589	0.6314180545195395	0.3490364487946443
0	2	9534364	9537967	-0.4397515439808752	0.5251617330031436	-0.41783836826705095	-0.12218844444145083	-0.509502217672009	-0.26814273664101357	-0.4047130486231305	1.4325296605384434	1.1942990727163316	-0.08268450890779835	-0.05006261743217589	-0.940758629504583	0.3490364487946443
0	4	119322762	119322885	0.8613475273931646	0.6504979835118728	-0.258665095305966	-0.029248566736504483	-0.509502217672009	-0.26814273664101357	-0.4047130486231305	-0.6933653657537243	-0.8058052824281919	-0.08268450890779835	-0.05006261743217589	0.6314180545195395	-2.9229522187936534
0	3	8718398	8720102	0.051017883896314786	-0.17652658900183096	0.25902823707035205	-0.09896835772126378	1.9658595149159979	-0.26814273664101357	2.4646539459549626	-0.6933653657537243	1.1942990727163316	-0.08268450890779835	-0.05006261743217589	0.6314180545195395	0.3490364487946443
0	4	80274238	80274462	2.2645028669659095	-1.1235962529939836	9.01678610941319	-0.07387712766981408	-0.509502217672009	-0.26814273664101357	-0.4047130486231305	-0.6933653657537243	-0.8058052824281919	19.71376087115313	-0.05006261743217589	-1.7112422401615661	0.3490364487946443
0	5	109664943	109665189	-0.4957108468568477	0.3736267481547989	-0.384083594831343	-0.11497193805580183	-0.509502217672009	-0.26814273664101357	-0.4047130486231305	-0.6933653657537243	-0.8058052824281919	-0.08268450890779835	-0.05006261743217589	0.6314180545195395	0.3490364487946443
0	11	25245552	25255963	-0.5439947568948031	0.3998748457944333	-0.1954917250927284	-0.11843545951329312	-0.509502217672009	-0.26814273664101357	-0.4047130486231305	-0.6933653657537243	-0.8058052824281919	-0.08268450890779835	-0.05006261743217589	0.6314180545195395	0.3490364487946443
0	17	20951047	20960427	1.2800427016361182	0.28655748368665834	0.6099679296303657	-0.09757538745440653	-0.509502217672009	-0.26814273664101357	-0.4047130486231305	-0.6933653657537243	-0.8058052824281919	-0.08268450890779835	-0.05006261743217589	-0.8718305929949142	-2.9229522187936534
0	22	44564941	44566024	0.19719823800977893	0.3699224551550878	-0.012258129367238831	-0.11188173110331674	-0.509502217672009	3.9757332738310347	-0.4047130486231305	-0.6933653657537243	-0.8058052824281919	-0.08268450890779835	-0.05006261743217589	-1.7112422401615661	0.3490364487946443
0	15	61285472	61290849	0.0011503111007903713	0.375592003125769	-0.05020665456020195	-0.11619766078297565	1.9658595149159979	-0.26814273664101357	2.4646539459549626	1.4325296605384434	1.1942990727163316	-0.08268450890779835	-0.05006261743217589	0.6314180545195395	0.3490364487946443
0	10	65650476	65651275	-0.5545348212481368	-3.1924788642559028	-0.25542261143508904	-0.1273305328622489	-0.509502217672009	-0.26814273664101357	-0.4047130486231305	-0.6933653657537243	-0.8058052824281919	-0.08268450890779835	-0.05006261743217589	0.6314180545195395	0.3490364487946443
0	13	32477801	32494960	0.21427890800345006	0.11066383510552862	0.1494707692350036	-0.10224455704963657	-0.509502217672009	-0.26814273664101357	-0.4047130486231305	-0.6933653657537243	-0.8058052824281919	-0.08268450890779835	-0.05006261743217589	-0.1549752840994458	0.3490364487946443
0	10	71085697	71086857	1.0785857533832455	-1.8567805192387323	1.8212931204105596	-0.04769327423781461	-0.509502217672009	-0.26814273664101357	-0.4047130486231305	1.4325296605384434	1.1942990727163316	-0.08268450890779835	-0.05006261743217589	-1.7112422401615661	0.3490364487946443
0	16	78171653	78172364	-0.10123856035689208	0.33626871786090434	-0.3000633861703412	-0.12603946166446708	-0.509502217672009	3.9757332738310347	-0.4047130486231305	1.4325296605384434	1.1942990727163316	-0.08268450890779835	-0.05006261743217589	-1.7112422401615661	0.3490364487946443
0	14	105417077	105419864	-0.5088676511678613	0.31087946222996854	-0.3249911918611992	-0.11855984982343047	-0.509502217672009	-0.26814273664101357	-0.4047130486231305	1.4325296605384434	-0.8058052824281919	-0.08268450890779835	-0.05006261743217589	0.6314180545195395	0.3490364487946443
0	10	17094418	17101654	-0.433945344554999	0.4499349081690631	-0.17768360739848263	-0.10770656548717453	1.9658595149159979	3.9757332738310347	-0.4047130486231305	1.4325296605384434	1.1942990727163316	-0.08268450890779835	-0.05006261743217589	0.6314180545195395	0.3490364487946443
0	4	79391949	79392640	-0.6480260270419097	0.3954138104011925	-0.461682862934094	-0.10438152855624626	-0.509502217672009	3.9757332738310347	-0.4047130486231305	1.4325296605384434	1.1942990727163316	-0.08268450890779835	-0.05006261743217589	0.6314180545195395	0.3490364487946443
0	14	33755626	33758798	-0.08998262926928884	0.4276979845127074	-0.01700033866851387	-0.12130717819282479	1.9658595149159979	-0.26814273664101357	-0.4047130486231305	1.4325296605384434	1.1942990727163316	-0.08268450890779835	-0.05006261743217589	0.6314180545195395	0.3490364487946443
0	1	165469847	165474096	-0.3701416443912485	0.2421183181569561	-0.44078160760343066	-0.11867181819527838	-0.509502217672009	-0.26814273664101357	-0.4047130486231305	-0.6933653657537243	-0.8058052824281919	0.2433270870898786	-0.05006261743217589	0.6314180545195395	0.3490364487946443
0	1	155509462	155520806	0.04593621435929759	0.5365847256586563	-0.36637749554003013	-0.10415925583063729	-0.509502217672009	-0.26814273664101357	2.4646539459549626	-0.6933653657537243	1.1942990727163316	0.02900206587392679	-0.05006261743217589	-1.7112422401615661	0.3490364487946443
0	11	49918694	49918894	-0.6587966496606147	-3.1924788642559028	-0.5321471572492824	-0.09162990110666804	-0.509502217672009	-0.26814273664101357	-0.4047130486231305	-0.6933653657537243	-0.8058052824281919	-0.08268450890779835	-0.05006261743217589	0.6314180545195395	0.3490364487946443
0	10	86119391	86120022	0.49325529576247373	0.7329532281102336	-0.21291653554823714	-0.10782650618724197	1.9658595149159979	-0.26814273664101357	2.4646539459549626	-0.6933653657537243	1.1942990727163316	-0.08268450890779835	-0.05006261743217589	-1.7112422401615661	0.3490364487946443
0	4	70959706	71082055	-0.4255263278091527	0.403387424273894	-0.4686085973932151	-0.1159558316672215	-0.42444700084310183	-0.10397085818214452	-0.34964701863294373	-0.45246917007975407	-0.5093100704586931	-0.03788015658745797	-0.05006261743217589	0.6237591106959494	0.3490364487946443
0	4	185767127	185769126	-0.31698213208473275	0.5787520810816466	-0.4251952105963163	-0.11180010291482281	-0.509502217672009	-0.26814273664101357	-0.4047130486231305	-0.6933653657537243	-0.8058052824281919	-0.08268450890779835	-0.05006261743217589	-1.7112422401615661	0.3490364487946443
0	20	49662112	49676182	-0.4099128803998916	0.3235950494927367	0.0006129791236162537	-0.11828992469497153	-0.509502217672009	-0.26814273664101357	-0.4047130486231305	-0.6933653657537243	-0.8058052824281919	-0.06947749867556713	-0.05006261743217589	0.6314180545195395	0.3490364487946443
0	3	192901787	192904956	-0.5646674130599402	0.4522621549964351	-0.41855801819799643	-0.10661329564646166	-0.509502217672009	-0.26814273664101357	-0.4047130486231305	-0.6933653657537243	-0.8058052824281919	-0.08268450890779835	-0.05006261743217589	0.6314180545195395	0.3490364487946443
0	12	102275878	102277121	-0.19774907044179035	0.3064775956655563	-0.08332221802615791	-0.10108446822419667	1.9658595149159979	-0.26814273664101357	-0.4047130486231305	1.4325296605384434	1.1942990727163316	-0.08268450890779835	-0.05006261743217589	-1.7112422401615661	0.3490364487946443
0	3	59022828	59052536	-0.12285629754858851	-0.09656011663284805	0.27626743584830943	0.23421995935714457	0.5888624773251332	-0.26814273664101357	0.8491620800833728	0.2032058872560565	0.058114842966130155	-0.08268450890779835	-0.05006261743217589	0.3948494237115646	0.3490364487946443
0	10	6976973	6987503	0.3689010317832151	0.41486840487752824	-0.07866172746764964	-0.12530975274494732	-0.509502217672009	-0.26814273664101357	-0.4047130486231305	-0.6933653657537243	-0.8058052824281919	-0.08268450890779835	-0.05006261743217589	0.6314180545195395	0.3490364487946443
0	7	125558483	125598974	-0.19603066881187836	0.42421908191014646	-0.1906811206329486	-0.10351837607972433	-0.509502217672009	-0.26814273664101357	-0.4047130486231305	-0.6933653657537243	-0.8058052824281919	-0.07413184738181718	-0.05006261743217589	0.6314180545195395	0.3490364487946443
0	16	77523358	77683773	-0.17050919360290825	0.3646892845233459	-0.0018344192083146413	-0.1131569655710164	-0.509502217672009	-0.26814273664101357	-0.4047130486231305	-0.6933653657537243	-0.8058052824281919	-0.05030232976165928	-0.05006261743217589	0.6109728068023462	-0.46684452682192457
0	1	153831851	153841494	0.32473280416916805	0.5157449399430781	-0.38608522853984767	-0.11285782471140099	-0.509502217672009	-0.26814273664101357	2.4646539459549626	-0.6933653657537243	1.1942990727163316	-0.08268450890779835	-0.05006261743217589	-1.7112422401615661	0.3490364487946443
0	11	4807560	4911702	-0.34401951108882517	0.37158497329750084	-0.08727769615820642	-0.11244636847695817	2.142844242123563	-0.26480116616168087	2.468538841061984	-0.5880320868108619	1.1942990727163316	-0.05851508598598575	-0.05006261743217589	0.6269190813969164	0.3490364487946443
0	6	140791908	140793825	-0.6138221710502133	0.39523770224754917	-0.35924147358292124	-0.11053985396843398	-0.509502217672009	-0.26814273664101357	-0.4047130486231305	-0.6933653657537243	-0.8058052824281919	-0.08268450890779835	-0.05006261743217589	0.6314180545195395	0.3490364487946443
0	12	97811612	97816575	-0.2874560794252432	0.40599211952777786	-0.18150424027584203	-0.11965155798115147	-0.509502217672009	-0.26814273664101357	-0.4047130486231305	-0.6933653657537243	-0.8058052824281919	-0.08268450890779835	-0.05006261743217589	0.6314180545195395	0.3490364487946443
0	22	38955892	38964805	-0.10520654330402698	0.5243392695873812	-0.03146761275307617	-0.09870794253966686	0.6100067180468572	-0.26814273664101357	-0.22958282927493343	1.3027768394565475	1.1942990727163316	-0.08268450890779835	-0.05006261743217589	0.6314180545195395	0.3490364487946443
0	1	17868275	17869946	2.3172777515217855	0.4232776283367354	-0.4116125468752835	-0.05571775505126153	1.9658595149159979	-0.26814273664101357	2.4646539459549626	-0.6933653657537243	1.1942990727163316	-0.08268450890779835	-0.05006261743217589	0.6314180545195395	0.3490364487946443
0	10	25115483	25121163	-0.534905386400311	0.15948183750035605	-0.2369934033108238	-0.12127292446914703	-0.509502217672009	-0.26814273664101357	-0.4047130486231305	-0.6933653657537243	-0.8058052824281919	-0.08268450890779835	-0.05006261743217589	0.5031491545818944	0.3490364487946443
0	12	30348844	30349948	0.17218679666921644	-0.208933340766015	0.10730038528646543	-0.097293380864	-0.509502217672009	-0.26814273664101357	-0.4047130486231305	-0.6933653657537243	-0.8058052824281919	-0.08268450890779835	-0.05006261743217589	0.6314180545195395	0.3490364487946443
0	10	54998746	55088863	-0.23984697994845874	0.3755400409708013	-0.10626104948808311	-0.11048386411940399	-0.509502217672009	-0.26814273664101357	-0.4047130486231305	-0.6933653657537243	-0.8058052824281919	-0.08268450890779835	-0.05006261743217589	0.6314180545195395	0.3490364487946443
0	3	88565701	88566529	-0.40172088321406507	0.5039271280406589	-0.5309966218586968	-0.11225932845998896	-0.509502217672009	-0.26814273664101357	-0.4047130486231305	-0.6933653657537243	-0.8058052824281919	-0.08268450890779835	-0.05006261743217589	0.6314180545195395	0.3490364487946443
0	11	99732616	99735785	-0.2697730562560746	0.42045435019270316	-0.2039075424412801	-0.10572802505050745	-0.509502217672009	-0.26814273664101357	-0.4047130486231305	1.4325296605384434	1.1942990727163316	-0.08268450890779835	-0.05006261743217589	0.6314180545195395	0.3490364487946443
0	19	13626197	13628702	1.2802920563146665	0.4273974520159775	0.09250228722116846	-0.12633677132435692	1.9658595149159979	3.9757332738310347	2.4646539459549626	1.4325296605384434	1.1942990727163316	-0.08268450890779835	-0.05006261743217589	0.6314180545195395	0.3490364487946443
0	12	60745707	60757087	-0.4797656562944371	0.24045314159990896	-0.21619542051051652	-0.1207041087312501	-0.509502217672009	-0.26814273664101357	-0.4047130486231305	-0.6933653657537243	-0.8058052824281919	-0.08268450890779835	-0.05006261743217589	0.6314180545195395	0.3490364487946443
0	1	121141175	121170321	-0.28493787108598456	-0.17703083514718487	-0.3233557441772667	0.03336764030301307	-0.509502217672009	-0.26814273664101357	-0.4047130486231305	-0.6933653657537243	-0.8058052824281919	-0.06935375221187737	-0.05006261743217589	0.6314180545195395	0.3490364487946443
0	9	82475488	82475832	-0.7447895850213495	0.6261227523171033	-0.43211482671534124	-0.1429730842055162	-0.509502217672009	-0.26814273664101357	-0.4047130486231305	-0.6933653657537243	-0.8058052824281919	-0.08268450890779835	-0.05006261743217589	0.6314180545195395	0.3490364487946443
0	7	41132962	41133419	-0.6151300131347445	0.5337378269857763	-0.314068434735571	-0.11580155318343058	-0.509502217672009	-0.26814273664101357	-0.4047130486231305	-0.6933653657537243	-0.8058052824281919	-0.08268450890779835	-0.05006261743217589	0.6314180545195395	0.3490364487946443
0	8	9479186	9484496	-0.24634090402508924	0.22925751354726373	0.027529098771055985	-0.09953231823644298	1.9658595149159979	3.9757332738310347	-0.4047130486231305	1.4325296605384434	1.1942990727163316	-0.08268450890779835	-0.05006261743217589	-1.7112422401615661	0.3490364487946443
0	14	48407561	48408840	-0.10783336932558141	0.5408576385141366	-0.042350302965209245	-0.10980955671588163	-0.509502217672009	-0.26814273664101357	-0.4047130486231305	-0.6933653657537243	-0.8058052824281919	-0.08268450890779835	-0.05006261743217589	0.6314180545195395	0.3490364487946443
0	15	51119982	51125407	-0.09756393812568968	0.5252600284837878	-0.04133931991045244	-0.1079044009407794	-0.509502217672009	-0.26814273664101357	-0.4047130486231305	-0.6933653657537243	-0.8058052824281919	-0.08268450890779835	-0.05006261743217589	0.6314180545195395	0.3490364487946443
0	17	27389313	27393469	2.481856938208213	0.41633458463902107	0.37112277278494155	-0.11473568088856904	-0.509502217672009	-0.26814273664101357	-0.4047130486231305	-0.6933653657537243	-0.8058052824281919	-0.04406969084210413	-0.05006261743217589	0.6314180545195395	0.3490364487946443
0	2	152243679	152257745	-0.4164237235211756	0.5796609859475741	-0.3751472534143455	-0.1101885824457039	-0.509502217672009	-0.26814273664101357	-0.4047130486231305	-0.6933653657537243	-0.8058052824281919	0.007388895352395987	-0.05006261743217589	0.564798964666529	0.3490364487946443
0	19	57508485	57509952	-0.48773115682266605	0.10286147559647385	-0.15296347700191604	-0.09506464103489719	-0.509502217672009	-0.26814273664101357	-0.4047130486231305	-0.6933653657537243	-0.8058052824281919	-0.08268450890779835	-0.05006261743217589	0.6314180545195395	0.3490364487946443
0	13	68397289	68397946	-0.19539203014481324	0.8174019782844046	-0.16208582538844024	-0.11112928367586627	-0.509502217672009	-0.26814273664101357	-0.4047130486231305	-0.6933653657537243	-0.8058052824281919	-0.08268450890779835	-0.05006261743217589	0.6314180545195395	0.3490364487946443
0	5	146485307	146487201	-0.3167154828703268	0.3974390942077513	-0.3881811251982571	-0.11487775166945052	-0.509502217672009	-0.26814273664101357	-0.4047130486231305	-0.6933653657537243	-0.8058052824281919	-0.08268450890779835	-0.05006261743217589	0.6314180545195395	0.3490364487946443
0	X	98785810	98787896	-0.5925130918066815	0.4287179824133594	-0.46740136401766225	-0.1234471226839587	-0.509502217672009	-0.26814273664101357	-0.4047130486231305	-0.6933653657537243	-0.8058052824281919	-0.08268450890779835	-0.05006261743217589	0.6314180545195395	0.3490364487946443
0	2	47138761	47140746	-0.2245457466752379	0.5646403444583376	-0.38701637875575196	-0.10677528615751497	1.9658595149159979	-0.26814273664101357	2.4646539459549626	1.4325296605384434	1.1942990727163316	-0.08268450890779835	-0.05006261743217589	-1.7112422401615661	0.3490364487946443
0	20	52240637	52241370	2.8322364242498206	0.417685184864519	1.2557626883761328	-0.1235278822614669	-0.509502217672009	-0.26814273664101357	-0.4047130486231305	-0.6933653657537243	-0.8058052824281919	0.6778446887763974	-0.05006261743217589	-1.7112422401615661	0.3490364487946443
0	16	74224413	74225883	-0.3738414259221318	0.20672872046263088	-0.02257088998248803	-0.10870612207830523	-0.509502217672009	-0.26814273664101357	-0.4047130486231305	-0.6933653657537243	-0.8058052824281919	-0.08268450890779835	-0.05006261743217589	0.6314180545195395	0.3490364487946443
0	1	203790503	203793507	-0.4628405553793744	0.5114818276123757	-0.5261378375908532	-0.09633513464964993	-0.509502217672009	-0.26814273664101357	-0.4047130486231305	1.4325296605384434	1.1942990727163316	-0.08268450890779835	-0.05006261743217589	-1.7112422401615661	0.3490364487946443
0	8	51992875	51995707	-0.48718311838660594	0.6339677307402405	-0.21430732023605953	-0.11991661818439549	-0.509502217672009	-0.26814273664101357	-0.4047130486231305	-0.6933653657537243	-0.8058052824281919	-0.08268450890779835	-0.05006261743217589	0.6314180545195395	0.3490364487946443
0	17	2533554	2534210	0.6496118651293464	0.12068126367915218	-0.03477801924756342	-0.10069899501691801	1.9658595149159979	-0.26814273664101357	2.4646539459549626	-0.6933653657537243	1.1942990727163316	-0.08268450890779835	-0.05006261743217589	-1.7112422401615661	0.3490364487946443
0	10	102288069	102291404	1.2489785638350979	-1.9946223493389026	4.461896773727125	9.210436414877787	3.254383643183698	-0.26814273664101357	3.275992199594285	0.2876698502773539	0.9927893085998218	-0.026965578182909334	-0.05006261743217589	-1.7112422401615661	0.3490364487946443
0	3	194398762	194400296	-0.3794508218266769	0.38132243849996406	-0.5350726519573343	-0.12726022067454915	-0.509502217672009	-0.26814273664101357	-0.4047130486231305	-0.6933653657537243	-0.8058052824281919	-0.08268450890779835	-0.05006261743217589	-1.7112422401615661	0.3490364487946443
0	11	101444635	101445461	-0.2129671450127272	-0.2652823166741711	0.19728813058777434	-0.11839857648578823	-0.509502217672009	-0.26814273664101357	-0.4047130486231305	1.4325296605384434	1.1942990727163316	-0.08268450890779835	-0.05006261743217589	0.6314180545195395	0.3490364487946443
0	17	4468512	4470067	0.6517528425562729	-0.9528565377091586	8.351231950066758	-0.10336022165443162	0.4472131529295293	-0.26814273664101357	-0.4047130486231305	-0.6933653657537243	-0.8058052824281919	-0.08268450890779835	-0.05006261743217589	-1.7112422401615661	0.3490364487946443
0	2	5593658	5604746	0.4284819475046319	0.3442865627097487	-0.3012049684398833	-0.10892225184495058	-0.509502217672009	-0.26814273664101357	-0.4047130486231305	-0.6933653657537243	-0.8058052824281919	-0.08268450890779835	-0.05006261743217589	0.6314180545195395	0.3490364487946443
0	1	225745284	225748699	-0.3615862126877141	0.4699657530609366	-0.3539066222052786	-0.09332594228910684	-0.509502217672009	-0.26814273664101357	-0.4047130486231305	1.4325296605384434	1.1942990727163316	-0.08268450890779835	-0.05006261743217589	0.6314180545195395	0.3490364487946443
0	3	185857384	185859055	-0.5890407809299439	0.4978549357052833	-0.31341785756485396	-0.10914899613568796	-0.509502217672009	-0.26814273664101357	-0.4047130486231305	-0.6933653657537243	-0.8058052824281919	-0.08268450890779835	-0.05006261743217589	0.6314180545195395	0.3490364487946443
0	16	9961956	9966584	-0.2622956056555204	0.47262908665335573	-0.093584537912762	-0.11357788551851931	-0.509502217672009	-0.26814273664101357	-0.4047130486231305	1.4325296605384434	1.1942990727163316	-0.08268450890779835	-0.05006261743217589	0.6314180545195395	0.3490364487946443
0	2	111883196	111886130	-0.3448368377194792	0.49667195571654316	-0.3482691108387602	-0.10856276575271423	1.7810932506226191	-0.26814273664101357	-0.4047130486231305	1.4325296605384434	1.1942990727163316	-0.08268450890779835	-0.05006261743217589	-1.7112422401615661	0.3490364487946443
0	5	17651003	17796720	-0.37116466539965715	0.3977348873388174	-0.46790269898628944	-0.11394009740147759	-0.509502217672009	-0.26814273664101357	-0.4047130486231305	-0.6933653657537243	-0.8058052824281919	-0.06622245386375317	-0.05006261743217589	0.5588313883756771	0.3490364487946443
0	9	8152608	8152712	-0.4179553931482013	-3.1924788642559028	0.1932477242881487	-0.12308271489473166	-0.509502217672009	-0.26814273664101357	-0.4047130486231305	-0.6933653657537243	-0.8058052824281919	-0.08268450890779835	-0.05006261743217589	0.6314180545195395	0.3490364487946443
0	17	80407483	80408431	3.2163644792739836	-1.877733463085197	1.3300490086383765	10.066993617565062	1.9658595149159979	-0.26814273664101357	2.4646539459549626	-0.6933653657537243	1.1942990727163316	-0.08268450890779835	-0.05006261743217589	-1.7112422401615661	0.3490364487946443
0	1	19647187	19648342	-0.48032934693495694	0.42212150529789877	-0.4329308930401693	-0.11085467136121485	1.9658595149159979	-0.26814273664101357	-0.4047130486231305	1.4325296605384434	1.1942990727163316	-0.08268450890779835	-0.05006261743217589	-1.7112422401615661	0.3490364487946443
0	11	12091682	12096715	-0.6196184648298845	0.3275312836293467	-0.06856407757601521	-0.1281418762666253	-0.509502217672009	-0.26814273664101357	-0.4047130486231305	-0.6933653657537243	-0.8058052824281919	-0.01052103094776502	-0.05006261743217589	0.6314180545195395	0.3490364487946443
0	7	56493670	56496850	-0.5753744281883981	0.36041711940748394	-0.4277166780214898	-0.12306681411741606	-0.509502217672009	-0.26814273664101357	-0.4047130486231305	-0.6933653657537243	-0.8058052824281919	-0.08268450890779835	-0.05006261743217589	0.6314180545195395	0.3490364487946443
0	2	95706333	95707429	-0.3755292472082968	0.07881066084003885	0.09059184612324954	-0.122894463713115	-0.509502217672009	-0.26814273664101357	-0.4047130486231305	1.4325296605384434	1.1942990727163316	-0.08268450890779835	-0.05006261743217589	-1.7112422401615661	0.3490364487946443
0	6	19685573	19686511	-0.4894193520965022	0.71345931305964	-0.29294332881453233	-0.11836910932148732	-0.509502217672009	-0.26814273664101357	-0.4047130486231305	-0.6933653657537243	-0.8058052824281919	-0.08268450890779835	-0.05006261743217589	0.6314180545195395	0.3490364487946443
0	12	10995065	10995658	0.1850282316531947	0.32457371723572187	-0.014477521555660245	-0.08992998180035232	-0.509502217672009	-0.26814273664101357	-0.4047130486231305	-0.6933653657537243	-0.8058052824281919	-0.08268450890779835	-0.05006261743217589	0.6314180545195395	0.3490364487946443
0	1	238840119	238883317	-0.44610554438367905	0.4379779599019533	-0.4746204968737265	-0.11498286499019507	-0.509502217672009	-0.26814273664101357	-0.4047130486231305	-0.6933653657537243	-0.8058052824281919	-0.024025658760851783	-0.05006261743217589	0.6314180545195395	0.3490364487946443
0	2	40642778	40655158	-0.43523119194702825	0.3389537187931302	-0.48928050181124405	-0.1173010863629324	-0.509502217672009	-0.26814273664101357	-0.4047130486231305	1.4325296605384434	1.1942990727163316	0.019655758000432448	-0.05006261743217589	0.6314180545195395	0.3490364487946443
0	2	59331918	59342511	-0.43110010268599624	0.4094557646703782	-0.39821642775561794	-0.12203793389874738	-0.509502217672009	-0.26814273664101357	-0.4047130486231305	-0.6933653657537243	-0.8058052824281919	-0.08268450890779835	-0.05006261743217589	0.6314180545195395	0.3490364487946443
0	2	67319127	67334496	-0.45479799586177216	0.4334827277569888	-0.5251467427584988	-0.11591354617772842	-0.509502217672009	-0.26814273664101357	-0.4047130486231305	-0.6933653657537243	-0.8058052824281919	-0.08268450890779835	-0.05006261743217589	0.6314180545195395	0.3490364487946443
0	11	12543450	12545178	0.057813587514264186	0.1210023594263272	0.814261460509365	-0.11172284455270975	-0.509502217672009	3.9757332738310347	-0.4047130486231305	1.4325296605384434	1.1942990727163316	-0.08268450890779835	-0.05006261743217589	0.6314180545195395	0.3490364487946443
0	1	157540655	157540871	-0.7941100918660091	0.7022435864217883	-0.1917194867087346	-0.13959390922828313	-0.509502217672009	-0.26814273664101357	-0.4047130486231305	-0.6933653657537243	-0.8058052824281919	-0.08268450890779835	-0.05006261743217589	0.6314180545195395	0.3490364487946443
0	2	163934121	163935798	1.1781496679324392	-0.07677277769993057	-0.22136212870368827	-0.044932555115994616	-0.509502217672009	-0.26814273664101357	-0.4047130486231305	-0.6933653657537243	-0.8058052824281919	-0.08268450890779835	-0.05006261743217589	0.6314180545195395	0.3490364487946443
0	17	2693697	2696732	0.25374962476271734	0.20012271916223334	0.21790995797462803	-0.12725222727179156	1.9658595149159979	-0.26814273664101357	2.4646539459549626	-0.6933653657537243	1.1942990727163316	-0.08268450890779835	-0.05006261743217589	-1.4387680773864657	0.3490364487946443
0	2	149960423	149970626	-0.4960148958734513	0.4320768111555292	-0.5731160231943392	-0.11499916024192797	1.9658595149159979	-0.26814273664101357	2.4646539459549626	-0.6933653657537243	1.1942990727163316	-0.08268450890779835	-0.05006261743217589	0.5854970451167933	0.3490364487946443
0	4	127519528	127569887	-0.3696053255929543	0.43134979284375885	-0.4408781211325299	-0.10971816060526413	-0.509502217672009	-0.26814273664101357	-0.4047130486231305	-0.6933653657537243	-0.8058052824281919	-0.05584844508712106	-0.05006261743217589	0.6314180545195395	0.3183690675698055
0	21	30560381	30561536	-0.34953722445787516	0.5688358545584579	-0.30709997641715353	-0.10729082552192432	-0.509502217672009	-0.26814273664101357	-0.4047130486231305	-0.6933653657537243	-0.8058052824281919	-0.08268450890779835	-0.05006261743217589	0.6314180545195395	0.3490364487946443
0	18	20054141	20067271	-0.4056111913671604	0.36822236385862184	-0.12350310656655927	-0.11844863282928464	-0.509502217672009	-0.26814273664101357	-0.4047130486231305	-0.6933653657537243	-0.8058052824281919	-0.0775381367145559	-0.05006261743217589	0.6314180545195395	0.3490364487946443
0	12	104597022	104644702	0.015961833507783497	0.0639170634216527	0.3459947608573935	0.031157482617604617	1.4090588735148575	-0.26814273664101357	1.7103618756940184	0.8726095737058712	0.6636925293391698	0.008724581169261404	-0.05006261743217589	0.18922127070808922	0.3490364487946443
0	1	21437150	21443545	-0.2386342434898176	0.5413038263283653	-0.4265790057311478	-0.11882768840117718	1.9658595149159979	-0.26814273664101357	2.4646539459549626	-0.6933653657537243	1.1942990727163316	-0.08268450890779835	-0.05006261743217589	-1.7112422401615661	0.3490364487946443
0	13	73847728	73857221	-0.33919184783520645	0.3803678255909947	0.07712603789620479	-0.107513281799822	-0.509502217672009	-0.26814273664101357	-0.4047130486231305	-0.6933653657537243	-0.8058052824281919	-0.06222004906057831	-0.05006261743217589	0.6314180545195395	0.3490364487946443
0	13	55970790	56035083	-0.09750106781640559	0.347534341822508	0.010740611987855949	-0.1045938864181489	-0.509502217672009	-0.26814273664101357	-0.4047130486231305	-0.6933653657537243	-0.8058052824281919	-0.08268450890779835	-0.05006261743217589	0.6314180545195395	-2.9229522187936534
0	2	58688824	58691324	-0.4550498103863843	0.5958038725014448	-0.4396150428125251	-0.11187063820057472	-0.509502217672009	-0.26814273664101357	-0.4047130486231305	-0.6933653657537243	-0.8058052824281919	-0.08268450890779835	-0.05006261743217589	0.6314180545195395	0.3490364487946443
0	3	7905946	7906150	-0.547724305452217	-3.1924788642559028	-0.6397263265584419	-0.13386110211360702	-0.509502217672009	-0.26814273664101357	-0.4047130486231305	-0.6933653657537243	-0.8058052824281919	-0.08268450890779835	-0.05006261743217589	0.6314180545195395	0.3490364487946443
0	4	64091087	64091241	-0.791779492168493	0.8879710908912183	-0.14914281047077727	-0.12697207838049462	-0.509502217672009	-0.26814273664101357	-0.4047130486231305	-0.6933653657537243	-0.8058052824281919	-0.08268450890779835	-0.05006261743217589	0.6314180545195395	0.3490364487946443
0	8	92665401	92665595	-0.633605297824731	0.4800306611575253	-0.5324342737717053	-0.13458335226987622	-0.509502217672009	-0.26814273664101357	-0.4047130486231305	-0.6933653657537243	-0.8058052824281919	-0.08268450890779835	-0.05006261743217589	0.6314180545195395	0.3490364487946443
0	3	186094727	186096799	-0.23485734317075085	0.5164231293631125	-0.45985421797828896	-0.11618683125735035	-0.509502217672009	-0.26814273664101357	-0.4047130486231305	-0.6933653657537243	-0.8058052824281919	-0.08268450890779835	-0.05006261743217589	0.6314180545195395	0.3490364487946443
0	2	46705265	46706907	-0.2795942276073846	0.3574042650156385	-0.3001859079315719	-0.10166563591957756	1.9658595149159979	-0.26814273664101357	-0.4047130486231305	-0.4564355303021613	-0.7254113193103243	-0.08268450890779835	-0.05006261743217589	0.6314180545195395	0.3490364487946443
0	11	40774804	40796039	-0.5061030088831586	0.4445268875283942	-0.28169230406080137	-0.10542713735008073	1.9658595149159979	-0.26814273664101357	2.4646539459549626	-0.6933653657537243	1.1942990727163316	-0.08268450890779835	-0.05006261743217589	0.6314180545195395	0.3490364487946443
0	6	7984382	7987235	-0.2754234467557799	0.5015458244071029	-0.4126149215579499	-0.10860198263635996	1.9658595149159979	-0.26814273664101357	-0.4047130486231305	1.4325296605384434	1.1942990727163316	-0.08268450890779835	-0.05006261743217589	0.6314180545195395	0.3490364487946443
0	4	152161353	152163154	-0.22571648430147012	0.2855907566299781	-0.45279054324892104	-0.12276467256841535	-0.509502217672009	-0.26814273664101357	-0.4047130486231305	-0.6933653657537243	-0.8058052824281919	-0.08268450890779835	-0.05006261743217589	0.6314180545195395	0.3490364487946443
0	13	28669631	28670811	-0.43739847283699146	0.13456687723337077	0.1026282203835071	-0.13472823828937489	-0.509502217672009	-0.26814273664101357	-0.4047130486231305	1.4325296605384434	1.1942990727163316	-0.08268450890779835	-0.05006261743217589	0.6314180545195395	0.3490364487946443
0	3	155037216	155052753	-0.16361505327169323	0.30626029593578313	0.2260814885429047	-0.12038379753856294	-0.509502217672009	-0.26814273664101357	-0.4047130486231305	-0.6933653657537243	-0.8058052824281919	-0.028320839202197082	-0.05006261743217589	0.3830843024863424	-2.3366603702665363
0	8	3518052	3519166	1.9420623741059029	0.15009914255036244	0.6568691658389221	-0.12174199603731745	1.9658595149159979	-0.26814273664101357	-0.4047130486231305	1.4325296605384434	1.1942990727163316	-0.08268450890779835	-0.05006261743217589	0.33700832269247044	0.3490364487946443
0	14	46425917	46698338	-0.4348485505868742	0.38442270661395417	-0.17678781284207998	-0.11231314848748879	-0.509502217672009	-0.26814273664101357	-0.4047130486231305	-0.6933653657537243	-0.8058052824281919	-0.07766165712812734	-0.05006261743217589	0.6107794667923281	0.3490364487946443
0	1	154157587	154161373	2.3856197981266583	0.22042071952584305	1.6066879633351534	-0.009391469668500794	1.9658595149159979	-0.26814273664101357	2.4646539459549626	1.4325296605384434	1.1942990727163316	0.4192855799685483	-0.05006261743217589	-1.0992794743296557	-2.9229522187936534
0	3	93954860	93958526	-0.6623221076963204	0.2623425018101076	-0.4886831138074775	-0.1255698854946056	-0.509502217672009	-0.26814273664101357	-0.4047130486231305	-0.6933653657537243	-0.8058052824281919	-0.08268450890779835	-0.05006261743217589	0.6314180545195395	0.3490364487946443
0	18	35825519	35838194	0.060018509210800534	0.0911347894248967	-0.11069111036299485	-0.09941543227122547	-0.509502217672009	-0.26814273664101357	-0.4047130486231305	-0.6933653657537243	-0.8058052824281919	-0.08268450890779835	-0.05006261743217589	0.6314180545195395	0.3490364487946443
0	18	33585202	33589205	-0.4554979361137902	0.4917133330439729	0.060435710073189576	-0.11589489720508339	1.9658595149159979	3.9757332738310347	-0.4047130486231305	1.4325296605384434	1.1942990727163316	-0.08268450890779835	-0.05006261743217589	0.6314180545195395	0.3490364487946443
0	1	228846837	228855752	-0.5073299799865322	0.38480489270676804	-0.4689496646696857	-0.11731451120676141	-0.509502217672009	-0.26814273664101357	-0.4047130486231305	-0.6933653657537243	-0.8058052824281919	-0.08268450890779835	-0.05006261743217589	0.6314180545195395	0.3490364487946443
0	6	136569528	136570778	0.2720986905201556	-0.9619499288284388	-0.4075487762562078	2.0279416189775636	1.9658595149159979	-0.26814273664101357	0.837148986630268	0.5124422931591933	1.1942990727163316	-0.08268450890779835	-0.05006261743217589	-1.7112422401615661	-2.9229522187936534
0	17	48844118	48844503	-0.5346773981299938	0.466326718638246	0.6115522176845668	-0.08788758148966935	-0.509502217672009	-0.26814273664101357	-0.4047130486231305	-0.6933653657537243	-0.8058052824281919	-0.08268450890779835	-0.05006261743217589	-1.7112422401615661	0.3490364487946443
0	X	148803850	148831837	-0.5904665076360449	0.22942699130138133	-0.4982514761307621	-0.12976176383649857	-0.509502217672009	-0.26814273664101357	-0.4047130486231305	-0.6933653657537243	-0.8058052824281919	-0.08268450890779835	-0.05006261743217589	0.5864683071995782	-2.9229522187936534
0	11	132566389	132575348	-0.16463317441515274	0.3449012141639186	-0.15375896044806206	-0.10780233850698961	-0.509502217672009	-0.26814273664101357	-0.4047130486231305	1.4325296605384434	1.1942990727163316	-0.08268450890779835	-0.05006261743217589	0.6314180545195395	0.3490364487946443
0	8	134359568	134360174	-0.6628160299905145	-0.25368414847001136	-0.17780798580440954	-0.09726361941667075	-0.509502217672009	-0.26814273664101357	-0.4047130486231305	-0.6933653657537243	-0.8058052824281919	-0.08268450890779835	-0.05006261743217589	0.6314180545195395	0.3490364487946443
0	8	6643191	6655048	-0.42764937265191444	0.32221250977201094	0.1053048326414654	-0.12136792420013594	-0.509502217672009	-0.26814273664101357	-0.4047130486231305	-0.6933653657537243	-0.8058052824281919	-0.08268450890779835	-0.05006261743217589	0.5921004026142059	0.3490364487946443
0	5	116755975	116756544	-0.3794222823246667	-3.1924788642559028	-0.5808249620423095	-0.08934299727355631	-0.509502217672009	-0.26814273664101357	-0.4047130486231305	-0.6933653657537243	-0.8058052824281919	-0.08268450890779835	-0.05006261743217589	0.6314180545195395	-2.9229522187936534
0	14	75039323	75042689	1.2071625598600568	0.17646417766488343	0.8357050595386082	-0.11622022654926722	1.9658595149159979	-0.26814273664101357	-0.4047130486231305	1.4325296605384434	1.1942990727163316	-0.08268450890779835	-0.05006261743217589	0.353027050992373	-2.9229522187936534
0	21	35696523	35696643	-0.8133576471634847	-3.1924788642559028	0.18561617747952194	-0.1398108042378522	-0.509502217672009	-0.26814273664101357	-0.4047130486231305	-0.6933653657537243	-0.8058052824281919	-0.08268450890779835	-0.05006261743217589	0.6314180545195395	0.3490364487946443
0	12	75025512	75028885	-0.5872106128581318	0.5586563373218816	-0.31376419091534	-0.10433515265715444	-0.509502217672009	-0.26814273664101357	-0.4047130486231305	-0.6933653657537243	-0.8058052824281919	-0.08268450890779835	-0.05006261743217589	0.6314180545195395	-2.9229522187936534
0	12	121535791	121542362	-0.4488578483664724	0.330727216805166	-0.07178106053060608	-0.09377708552177696	-0.509502217672009	-0.26814273664101357	-0.4047130486231305	-0.6933653657537243	-0.8058052824281919	-0.08268450890779835	-0.05006261743217589	0.6314180545195395	0.3490364487946443
0	1	48352571	48353250	0.029616213223675983	-0.7322378597235654	-0.4434839067240345	-0.1304629402131733	-0.509502217672009	-0.26814273664101357	-0.4047130486231305	1.4325296605384434	1.1942990727163316	-0.08268450890779835	-0.05006261743217589	0.6314180545195395	0.3490364487946443
0	9	28507830	28644878	-0.3628101271313427	0.41427996413078116	-0.15466083804692374	-0.11469804175040943	1.9658595149159979	-0.26814273664101357	2.4646539459549626	-0.6933653657537243	1.1942990727163316	-0.054950302549648805	-0.05006261743217589	0.6279993102917054	0.3490364487946443
0	16	74138685	74140754	0.22639758249733902	0.3242540168516456	0.038592107888430406	-0.11392243755076695	-0.509502217672009	-0.26814273664101357	-0.4047130486231305	-0.6933653657537243	-0.8058052824281919	-0.08268450890779835	-0.05006261743217589	0.6314180545195395	0.3490364487946443
0	1	234086934	234087823	-0.6655529023078647	0.43041899885116286	-0.3822990727201001	-0.11608944206821924	1.9658595149159979	-0.26814273664101357	2.4646539459549626	1.4325296605384434	1.1942990727163316	-0.08268450890779835	-0.05006261743217589	0.6314180545195395	0.3490364487946443
0	14	70787842	70789134	-0.5239403240643712	0.41931354185662334	-0.32889078263027116	-0.12646951763692751	-0.509502217672009	-0.26814273664101357	-0.4047130486231305	-0.6933653657537243	-0.8058052824281919	-0.08268450890779835	-0.05006261743217589	-1.7112422401615661	0.3490364487946443
0	9	9898128	9919575	-0.2361522928914612	0.2715534130512893	0.0634156599602581	-0.10732361390417879	1.9658595149159979	-0.26814273664101357	2.4646539459549626	-0.6933653657537243	1.1942990727163316	-0.08268450890779835	-0.05006261743217589	0.6314180545195395	0.3490364487946443
0	1	222374169	222380531	-0.5589349425987725	0.07141135083143321	-0.5842815202562208	-0.1239691980441202	-0.509502217672009	-0.26814273664101357	-0.4047130486231305	-0.6933653657537243	-0.8058052824281919	-0.08268450890779835	-0.05006261743217589	0.6314180545195395	0.3490364487946443
0	5	161585512	161585660	-0.0884035126292124	-3.1924788642559028	-0.5447832361722629	-0.12457142575103018	-0.509502217672009	-0.26814273664101357	-0.4047130486231305	-0.6933653657537243	-0.8058052824281919	-0.08268450890779835	-0.05006261743217589	0.6314180545195395	0.3490364487946443
0	12	80442260	80442515	-0.17701546786506178	0.33972693004650467	-0.22627428268843242	-0.11431701093763283	-0.509502217672009	-0.26814273664101357	-0.4047130486231305	-0.6933653657537243	-0.8058052824281919	-0.08268450890779835	-0.05006261743217589	0.6314180545195395	0.3490364487946443
0	X	93487027	93488017	-0.5041379610602296	0.4033698229709727	-0.28225203336625027	-0.11095387958038418	-0.509502217672009	-0.26814273664101357	-0.4047130486231305	-0.6933653657537243	-0.8058052824281919	-0.08268450890779835	-0.05006261743217589	0.6314180545195395	0.3490364487946443
0	4	71799331	71800240	-0.11302105067016205	0.4578559902817268	-0.4281940831647257	-0.09121238406267529	-0.509502217672009	-0.26814273664101357	2.4646539459549626	1.4325296605384434	1.1942990727163316	-0.08268450890779835	-0.05006261743217589	-1.7112422401615661	0.3490364487946443
0	7	109452956	109463483	-0.4418234320291902	0.384201847920732	-0.22914448080317604	-0.11591030907260245	-0.509502217672009	-0.26814273664101357	-0.4047130486231305	-0.6933653657537243	-0.8058052824281919	-0.08268450890779835	-0.05006261743217589	0.6314180545195395	0.3490364487946443
0	8	62850069	62861079	0.09230136920018617	0.392014364997272	-0.014796666594043419	-0.09570657067110995	-0.509502217672009	-0.26814273664101357	-0.4047130486231305	-0.6933653657537243	-0.8058052824281919	-0.08268450890779835	-0.05006261743217589	0.6314180545195395	0.3490364487946443
0	X	66483120	66484333	-0.4086624324858908	0.6629525944353557	-0.593285578509909	-0.11076399361829484	-0.509502217672009	-0.26814273664101357	-0.4047130486231305	-0.6933653657537243	-0.8058052824281919	-0.08268450890779835	-0.05006261743217589	0.6314180545195395	0.3490364487946443
0	2	57549190	57553493	-0.6023066789617386	0.47600314284025236	-0.5052252427884726	-0.10947122235776935	-0.509502217672009	-0.26814273664101357	-0.4047130486231305	-0.6933653657537243	-0.8058052824281919	-0.08268450890779835	-0.05006261743217589	0.6314180545195395	0.3490364487946443
