Label (1 = gold standard, 0 = negative)	Chromosome	Start	End	E003-H3K4me1.pval.signal.bigwig_mean	28736.Roadmap.SRS004212_Combined_Libraries_424.WGB-Seq.signal.bigWig_mean	data/gc19_pc.prom.nr.bed_overlap	data/gc19_pc.3utr.nr.bed_overlap	data/gc19_pc.5utr.nr.bed_overlap	data/gc19_pc.cds.nr.bed_overlap	data/gc19_pc.ss.nr.bed_overlap	data/sensitive.nc.bed_overlap	data/ultra.conserved.hg19.bed_overlap	data/wgEncodeBroadHmmGm12878HMM.Heterochrom.bed_overlap	data/H1-ESC_Dixon2015-raw_TADs.bed_overlap
0	5	15228798	15260402	-0.16869664520513553	0.2040991977437302	-0.5421946652621984	-0.27922814463025497	-0.4238000166102592	-0.7036894364755424	-0.8226036993315394	-0.021059012395212084	0.0	0.6701102102271459	0.2928739627000385
0	2	43301895	43306146	-0.41724273324446276	0.3531709950656606	-0.5421946652621984	-0.27922814463025497	-0.4238000166102592	-0.7036894364755424	-0.8226036993315394	-0.0769479901115198	0.0	0.5626562413282629	0.2928739627000385
0	13	53037516	53038864	-0.41745334464481665	0.24661790438420106	-0.5421946652621984	-0.27922814463025497	-0.4238000166102592	1.3805834779042594	1.14193844629637	-0.09877524327008795	0.0	-1.613823898718606	0.2928739627000385
0	13	21455655	21458145	4.336084676966808	0.27021109138604776	-0.5421946652621984	-0.27922814463025497	-0.4238000166102592	1.3805834779042594	1.14193844629637	-0.09877524327008795	0.0	-1.613823898718606	0.2928739627000385
0	1	85910957	85915409	3.1787407203009903	0.3067735917949834	1.9019522280744952	-0.27922814463025497	2.416783866896699	1.3805834779042594	1.14193844629637	0.05815118248258588	0.0	0.6701102102271459	0.2928739627000385
0	16	67565106	67568244	-0.288328827851231	0.1570340670889532	1.9019522280744952	-0.27922814463025497	2.416783866896699	1.3805834779042594	1.14193844629637	-0.09877524327008795	0.0	-1.613823898718606	0.2928739627000385
0	2	231884087	231885265	-0.6607534804034195	0.26091772136779673	-0.5421946652621984	3.76821767686553	-0.4238000166102592	-0.7036894364755424	1.14193844629637	-0.09877524327008795	0.0	0.6701102102271459	-3.4656723829883136
0	1	105091218	105092753	-0.4844297541849381	0.2861848709815753	-0.5421946652621984	-0.27922814463025497	-0.4238000166102592	-0.7036894364755424	-0.8226036993315394	-0.09877524327008795	0.0	0.6701102102271459	0.2928739627000385
0	20	23039635	23055953	0.7613137623667202	0.27148389324662187	-0.5421946652621984	-0.27922814463025497	-0.4238000166102592	-0.7036894364755424	-0.8226036993315394	-0.031878598513253115	0.0	-0.5335810103227664	0.2928739627000385
0	2	24547080	24548453	-0.499722140030854	0.40991946987507805	1.9019522280744952	-0.27922814463025497	2.416783866896699	1.3805834779042594	1.14193844629637	-0.09877524327008795	0.0	-1.613823898718606	0.2928739627000385
0	22	16940402	16944607	-0.6569467181464835	-0.1926595036086504	-0.5421946652621984	-0.27922814463025497	-0.4238000166102592	-0.7036894364755424	-0.8226036993315394	-0.09877524327008795	0.0	0.6701102102271459	0.2928739627000385
0	10	91743010	91749571	0.0036052596550665474	0.1745807193283831	-0.5421946652621984	-0.27922814463025497	-0.4238000166102592	-0.7036894364755424	-0.8226036993315394	-0.09877524327008795	0.0	0.6701102102271459	0.2928739627000385
0	8	5742207	5758561	-0.40561098003920765	0.4618681348861602	-0.5421946652621984	-0.27922814463025497	-0.4238000166102592	-0.7036894364755424	-0.8226036993315394	-0.09877524327008795	0.0	0.6701102102271459	0.2928739627000385
0	17	4232177	4233901	0.7371270389096508	0.5076803073396347	1.9019522280744952	-0.27922814463025497	-0.4238000166102592	1.3805834779042594	1.14193844629637	0.07218603936816616	0.0	-1.613823898718606	0.2928739627000385
0	20	16143040	16151318	-0.5310791772370594	0.3951251957370329	-0.5421946652621984	-0.27922814463025497	-0.4238000166102592	-0.7036894364755424	-0.8226036993315394	-0.09877524327008795	0.0	0.6701102102271459	0.2928739627000385
0	4	112949390	112995250	-0.17725407787540132	0.2616392775986833	-0.5421946652621984	-0.27922814463025497	-0.4238000166102592	-0.7036894364755424	-0.8226036993315394	-0.09615688000350268	0.0	0.6103474337174445	0.2928739627000385
0	16	48005604	48007214	-0.5026909302434447	0.3271424375808372	-0.5421946652621984	-0.27922814463025497	-0.4238000166102592	-0.7036894364755424	-0.8226036993315394	-0.09877524327008795	0.0	0.6701102102271459	0.2928739627000385
0	1	182546284	182547847	-0.5034203634164425	0.192886530827506	-0.5421946652621984	3.76821767686553	-0.4238000166102592	1.3805834779042594	1.14193844629637	-0.09877524327008795	0.0	-1.613823898718606	0.2928739627000385
0	9	36474157	36474999	-0.6343777722995609	0.2772019293525989	-0.5421946652621984	-0.27922814463025497	-0.4238000166102592	-0.7036894364755424	-0.8226036993315394	-0.09877524327008795	0.0	-1.613823898718606	0.2928739627000385
0	3	14385028	14392225	1.3131015695022463	0.24056727669696445	-0.5421946652621984	-0.27922814463025497	-0.4238000166102592	-0.7036894364755424	-0.8226036993315394	-0.09877524327008795	0.0	0.6701102102271459	0.2928739627000385
0	11	56384293	56395496	0.03652445781820448	0.2971167505943628	-0.5421946652621984	-0.27922814463025497	-0.4238000166102592	-0.7036894364755424	-0.8226036993315394	-0.09877524327008795	0.0	0.5885629779163094	0.2928739627000385
0	20	49385027	49387836	1.7889976427705772	0.34867331683636754	-0.5421946652621984	-0.27922814463025497	-0.4238000166102592	-0.7036894364755424	-0.8226036993315394	-0.09877524327008795	0.0	0.6701102102271459	0.2928739627000385
0	8	104014161	104014505	2.0668204534510197	0.35281043689957914	-0.5421946652621984	-0.27922814463025497	-0.4238000166102592	-0.7036894364755424	-0.8226036993315394	-0.09877524327008795	0.0	0.6701102102271459	-3.4656723829883136
0	X	80287951	80295028	-0.5421563976589475	0.104593194736709	-0.5421946652621984	-0.27922814463025497	-0.4238000166102592	-0.7036894364755424	-0.8226036993315394	-0.09877524327008795	0.0	0.6701102102271459	0.2928739627000385
0	8	135118174	135120085	0.08400895848918616	-0.34401389080100797	-0.5421946652621984	-0.27922814463025497	-0.4238000166102592	-0.7036894364755424	-0.8226036993315394	-0.09877524327008795	0.0	0.6701102102271459	0.2928739627000385
0	6	55413595	55417911	-0.5024741661758432	-0.1428038818451461	-0.5421946652621984	-0.27922814463025497	-0.4238000166102592	1.3805834779042594	1.14193844629637	-0.09877524327008795	0.0	0.6701102102271459	0.2928739627000385
0	7	146253839	146254815	-0.3116670843778107	0.5494905918843019	1.9019522280744952	-0.27922814463025497	2.416783866896699	1.3805834779042594	1.14193844629637	-0.09877524327008795	0.0	0.6701102102271459	0.2928739627000385
0	10	91840212	91840808	-0.2682736727207749	0.7035478762665331	-0.5421946652621984	-0.27922814463025497	-0.4238000166102592	-0.7036894364755424	-0.8226036993315394	-0.09877524327008795	0.0	0.6701102102271459	0.2928739627000385
0	5	26026711	26028832	-0.571766345042382	0.42307436249149516	-0.5421946652621984	-0.27922814463025497	-0.4238000166102592	-0.7036894364755424	-0.8226036993315394	-0.09877524327008795	0.0	0.6701102102271459	0.2928739627000385
0	3	28511595	28537146	-0.4429282786091729	0.24078840849092717	1.9019522280744952	3.76821767686553	-0.4238000166102592	1.3805834779042594	1.14193844629637	-0.09877524327008795	0.0	0.6343553026470785	0.2928739627000385
0	19	53096015	53097618	-0.5896611097390122	0.4732776186627791	-0.5421946652621984	0.4933971962167256	-0.4238000166102592	-0.49955291273403984	-0.74784570127583	-0.09877524327008795	0.0	-1.613823898718606	0.2928739627000385
0	2	40764807	40772028	0.3906795526020411	0.35694651690960355	1.9019522280744952	-0.27922814463025497	2.416783866896699	-0.7036894364755424	1.14193844629637	-0.09877524327008795	0.0	0.5435939876017062	0.2928739627000385
0	13	88469260	88472105	-0.4732837783010388	0.4657951115886563	-0.5421946652621984	-0.27922814463025497	-0.4238000166102592	-0.7036894364755424	-0.8226036993315394	-0.09877524327008795	0.0	0.6701102102271459	0.2928739627000385
0	12	2069969	2071786	-0.30752674159914095	0.39874772439331563	-0.5421946652621984	-0.27922814463025497	-0.4238000166102592	1.3805834779042594	1.14193844629637	-0.09877524327008795	0.0	-1.613823898718606	0.2928739627000385
0	22	50031103	50047669	0.05579871476541425	0.11125200877440118	-0.541014345622775	-0.27922814463025497	2.416783866896699	1.3805834779042594	1.14193844629637	-0.09877524327008795	0.0	-1.613823898718606	0.2928739627000385
0	4	113225327	113232187	0.3033396477307821	-0.22867491877668786	-0.5421946652621984	-0.27922814463025497	2.416783866896699	-0.7036894364755424	1.14193844629637	-0.09877524327008795	0.0	-1.613823898718606	0.2928739627000385
0	18	10462404	10462659	-0.5873364846462982	-3.440333670443429	1.9019522280744952	-0.27922814463025497	-0.4238000166102592	1.3805834779042594	1.14193844629637	-0.09877524327008795	0.0	0.6701102102271459	0.2928739627000385
0	12	133762765	133764199	-0.48914078116877846	0.5437688536587335	1.9019522280744952	-0.27922814463025497	-0.4238000166102592	3.464856392284061	3.1064805919242793	-0.09877524327008795	0.0	-1.613823898718606	0.2928739627000385
0	6	139119584	139123672	-0.09096164272588025	0.3932765704120754	1.9019522280744952	-0.27922814463025497	2.416783866896699	-0.7036894364755424	1.14193844629637	-0.09877524327008795	0.0	0.6701102102271459	0.2928739627000385
0	10	61361925	61365001	-0.2729992599123272	0.4381237014773691	-0.5421946652621984	-0.27922814463025497	-0.4238000166102592	-0.7036894364755424	-0.8226036993315394	-0.09877524327008795	0.0	0.6701102102271459	0.2928739627000385
0	16	12105217	12109804	-0.3582694018673217	0.2748888905976042	1.9019522280744952	-0.27922814463025497	-0.4238000166102592	1.3805834779042594	1.14193844629637	-0.09877524327008795	0.0	-1.613823898718606	-3.4656723829883136
0	14	90829318	90829690	1.3124154534699477	-0.4855842985977337	-0.5421946652621984	-0.27922814463025497	-0.4238000166102592	-0.7036894364755424	-0.8226036993315394	-0.09877524327008795	0.0	0.6701102102271459	0.2928739627000385
0	3	114488988	114490996	-0.5954082920005808	0.17479273072748136	1.9019522280744952	-0.27922814463025497	2.416783866896699	-0.7036894364755424	1.14193844629637	-0.09877524327008795	0.0	0.6701102102271459	0.2928739627000385
0	10	17407069	17411490	-0.5121537754968576	0.4296294369781437	1.9019522280744952	-0.27922814463025497	-0.4238000166102592	1.3805834779042594	1.14193844629637	-0.09877524327008795	0.0	0.6701102102271459	0.2928739627000385
0	2	242017590	242018331	-0.7435964696132994	-0.2029907581236582	-0.5421946652621984	3.76821767686553	-0.4238000166102592	1.3805834779042594	1.14193844629637	-0.09877524327008795	0.0	-1.613823898718606	0.2928739627000385
0	4	11880257	11898796	-0.3523736023853041	0.2979544965280413	-0.5421946652621984	-0.27922814463025497	-0.4238000166102592	-0.7036894364755424	-0.8226036993315394	-0.09877524327008795	0.0	0.6701102102271459	0.2928739627000385
0	11	118607714	118616631	0.9341177430473686	0.37086889314640287	-0.5421946652621984	-0.27922814463025497	-0.4238000166102592	-0.7036894364755424	-0.8226036993315394	-0.09877524327008795	0.0	0.6701102102271459	0.2928739627000385
0	8	11642166	11645317	2.1381463749171954	0.3915869963224045	-0.5421946652621984	1.0990356974722448	-0.4238000166102592	0.3652363107912807	-0.008980246445337736	-0.09877524327008795	0.0	-1.613823898718606	0.2928739627000385
0	12	132094079	132098818	0.17544536143699074	0.300841071099247	-0.5421946652621984	-0.27922814463025497	-0.4238000166102592	-0.7036894364755424	-0.8226036993315394	-0.09877524327008795	0.0	0.6701102102271459	0.2928739627000385
0	3	155595468	155615602	0.0006946580973996406	0.35244896057184627	-0.5421946652621984	-0.27922814463025497	-0.4238000166102592	1.3805834779042594	1.14193844629637	-0.05160583228600317	0.0	-1.613823898718606	-3.4656723829883136
0	4	55074371	55074570	0.4241316419803454	0.5888684814185681	-0.5421946652621984	-0.27922814463025497	-0.4238000166102592	1.3805834779042594	1.14193844629637	-0.09877524327008795	0.0	0.6701102102271459	0.2928739627000385
0	12	38084722	38086524	-0.6975469989432445	-0.8763988860004596	-0.5421946652621984	-0.27922814463025497	-0.4238000166102592	-0.7036894364755424	-0.8226036993315394	-0.09877524327008795	0.0	-1.613823898718606	0.2928739627000385
0	3	11956506	11958084	0.316311304230664	-0.22234872272041378	-0.5421946652621984	-0.27922814463025497	-0.4238000166102592	-0.7036894364755424	-0.8226036993315394	-0.09877524327008795	0.0	0.6701102102271459	0.2928739627000385
0	1	71718761	71731545	-0.40829998458303013	0.3039122111979646	-0.5421946652621984	-0.27922814463025497	-0.4238000166102592	-0.7036894364755424	-0.8226036993315394	-0.09877524327008795	0.0	0.6701102102271459	0.2928739627000385
0	2	76557061	76557292	-0.4498203324587799	0.16076540935566055	-0.5421946652621984	-0.27922814463025497	-0.4238000166102592	-0.7036894364755424	-0.8226036993315394	-0.09877524327008795	0.0	0.6701102102271459	0.2928739627000385
0	8	114197224	114197336	0.2981220596790647	-3.440333670443429	1.9019522280744952	-0.27922814463025497	-0.4238000166102592	1.3805834779042594	1.14193844629637	-0.09877524327008795	0.0	0.6701102102271459	0.2928739627000385
0	2	49487430	49491516	0.14999198723588836	0.45854689463629117	-0.5421946652621984	-0.27922814463025497	-0.4238000166102592	-0.7036894364755424	-0.8226036993315394	-0.08675300264077071	0.0	0.6701102102271459	0.2928739627000385
0	3	29558377	29569679	-0.17132491772301867	0.45421543035688033	-0.5421946652621984	-0.27922814463025497	-0.4238000166102592	1.3805834779042594	1.14193844629637	-0.08911660365637337	0.0	0.6296937510350425	0.2928739627000385
0	15	23177653	23183042	-0.6825045137995114	0.5461394529105271	-0.5421946652621984	-0.27922814463025497	-0.4238000166102592	-0.7036894364755424	-0.8226036993315394	-0.09877524327008795	0.0	0.6701102102271459	0.2928739627000385
0	7	36953181	36953317	0.2682284833835896	0.5424752472060993	-0.5421946652621984	3.76821767686553	-0.4238000166102592	1.3805834779042594	1.14193844629637	-0.09877524327008795	0.0	-1.613823898718606	0.2928739627000385
0	X	32298048	32298151	-0.6955905761947512	-3.440333670443429	1.9019522280744952	3.76821767686553	2.416783866896699	1.3805834779042594	1.14193844629637	-0.09877524327008795	0.0	0.6701102102271459	0.2928739627000385
0	2	9534364	9537967	-0.4518625577986811	0.4823393387846574	-0.5421946652621984	-0.27922814463025497	-0.4238000166102592	1.3805834779042594	1.14193844629637	-0.09877524327008795	0.0	-0.8626548953600948	0.2928739627000385
0	4	119322762	119322885	1.0016910179026501	0.6145880363351763	-0.5421946652621984	-0.27922814463025497	-0.4238000166102592	-0.7036894364755424	-0.8226036993315394	-0.09877524327008795	0.0	0.6701102102271459	-3.4656723829883136
0	3	8718398	8720102	0.09641210662209572	-0.2580479497684177	1.9019522280744952	-0.27922814463025497	2.416783866896699	-0.7036894364755424	1.14193844629637	-0.09877524327008795	0.0	0.6701102102271459	0.2928739627000385
0	4	80274238	80274462	2.569259165458453	-1.2573496605200623	-0.5421946652621984	-0.27922814463025497	-0.4238000166102592	-0.7036894364755424	-0.8226036993315394	12.693640176363175	0.0	-1.613823898718606	0.2928739627000385
0	5	109664943	109665189	-0.5143788154601547	0.32244701475079407	-0.5421946652621984	-0.27922814463025497	-0.4238000166102592	-0.7036894364755424	-0.8226036993315394	-0.09877524327008795	0.0	0.6701102102271459	0.2928739627000385
0	11	25245552	25255963	-0.5683203266245537	0.3501427269803436	-0.5421946652621984	-0.27922814463025497	-0.4238000166102592	-0.7036894364755424	-0.8226036993315394	-0.09877524327008795	0.0	0.6701102102271459	0.2928739627000385
0	17	20951047	20960427	1.4694462265871224	0.23057577418108116	-0.5421946652621984	-0.27922814463025497	-0.4238000166102592	-0.7036894364755424	-0.8226036993315394	-0.09877524327008795	0.0	-0.7954547579758905	-3.4656723829883136
0	22	44564941	44566024	0.25972094381503885	0.31853842547539385	-0.5421946652621984	3.76821767686553	-0.4238000166102592	-0.7036894364755424	-0.8226036993315394	-0.09877524327008795	0.0	-1.613823898718606	0.2928739627000385
0	15	61285472	61290849	0.04070136918230016	0.3245206559297073	1.9019522280744952	-0.27922814463025497	2.416783866896699	1.3805834779042594	1.14193844629637	-0.09877524327008795	0.0	0.6701102102271459	0.2928739627000385
0	10	65650476	65651275	-0.580095408604076	-3.440333670443429	-0.5421946652621984	-0.27922814463025497	-0.4238000166102592	-0.7036894364755424	-0.8226036993315394	-0.09877524327008795	0.0	0.6701102102271459	0.2928739627000385
0	13	32477801	32494960	0.2788030179559846	0.04498137640832351	-0.5421946652621984	-0.27922814463025497	-0.4238000166102592	-0.7036894364755424	-0.8226036993315394	-0.09877524327008795	0.0	-0.09656969346931255	0.2928739627000385
0	10	71085697	71086857	1.2443838359318156	-2.0309699330416806	-0.5421946652621984	-0.27922814463025497	-0.4238000166102592	1.3805834779042594	1.14193844629637	-0.09877524327008795	0.0	-1.613823898718606	0.2928739627000385
0	16	78171653	78172364	-0.07368477826315699	0.28302864353442925	-0.5421946652621984	3.76821767686553	-0.4238000166102592	1.3805834779042594	1.14193844629637	-0.09877524327008795	0.0	-1.613823898718606	0.2928739627000385
0	14	105417077	105419864	-0.5290772503232894	0.2562391394975697	-0.5421946652621984	-0.27922814463025497	-0.4238000166102592	1.3805834779042594	-0.8226036993315394	-0.09877524327008795	0.0	0.6701102102271459	0.2928739627000385
0	10	17094418	17101654	-0.44537602489553746	0.40296366283466334	1.9019522280744952	3.76821767686553	-0.4238000166102592	1.3805834779042594	1.14193844629637	-0.09877524327008795	0.0	0.6701102102271459	0.2928739627000385
0	4	79391949	79392640	-0.6845413185797515	0.34543566004569193	-0.5421946652621984	3.76821767686553	-0.4238000166102592	1.3805834779042594	1.14193844629637	-0.09877524327008795	0.0	0.6701102102271459	0.2928739627000385
0	14	33755626	33758798	-0.06110994884378375	0.3795003457245145	1.9019522280744952	-0.27922814463025497	-0.4238000166102592	1.3805834779042594	1.14193844629637	-0.09877524327008795	0.0	0.6701102102271459	0.2928739627000385
0	1	165469847	165474096	-0.37409621342195476	0.1836857344864142	-0.5421946652621984	-0.27922814463025497	-0.4238000166102592	-0.7036894364755424	-0.8226036993315394	0.11189266642548071	0.0	0.6701102102271459	0.2928739627000385
0	1	155509462	155520806	0.09073499940668335	0.49439232341351774	-0.5421946652621984	-0.27922814463025497	2.416783866896699	-0.7036894364755424	1.14193844629637	-0.026603647108546787	0.0	-1.613823898718606	0.2928739627000385
0	11	49918694	49918894	-0.696573974174083	-3.440333670443429	-0.5421946652621984	-0.27922814463025497	-0.4238000166102592	-0.7036894364755424	-0.8226036993315394	-0.09877524327008795	0.0	0.6701102102271459	0.2928739627000385
0	10	86119391	86120022	0.5904680824273086	0.7015907882132789	1.9019522280744952	-0.27922814463025497	2.416783866896699	-0.7036894364755424	1.14193844629637	-0.09877524327008795	0.0	-1.613823898718606	0.2928739627000385
0	4	70959706	71082055	-0.4359705213762008	0.35384902844593846	-0.45821201285320906	-0.12265505393773177	-0.3692863633848602	-0.467509658259443	-0.5313802247199498	-0.06982277849746321	0.0	0.6626432620413962	0.2928739627000385
0	4	185767127	185769126	-0.3147078079609679	0.5388852599040017	-0.5421946652621984	-0.27922814463025497	-0.4238000166102592	-0.7036894364755424	-0.8226036993315394	-0.09877524327008795	0.0	-1.613823898718606	0.2928739627000385
0	20	49662112	49676182	-0.4185275896194446	0.26965600690237485	-0.5421946652621984	-0.27922814463025497	-0.4238000166102592	-0.7036894364755424	-0.8226036993315394	-0.09024090500387498	0.0	0.6701102102271459	0.2928739627000385
0	3	192901787	192904956	-0.5914152730042674	0.4054192601622464	-0.5421946652621984	-0.27922814463025497	-0.4238000166102592	-0.7036894364755424	-0.8226036993315394	-0.09877524327008795	0.0	0.6701102102271459	0.2928739627000385
0	12	102275878	102277121	-0.181503775381121	0.2515945046248028	1.9019522280744952	-0.27922814463025497	-0.4238000166102592	1.3805834779042594	1.14193844629637	-0.09877524327008795	0.0	-1.613823898718606	0.2928739627000385
0	3	59022828	59052536	-0.09783554424624073	-0.17367122894277753	0.5423194167347145	-0.27922814463025497	0.8174972762296268	0.17532817979834123	0.025955773291906396	-0.09877524327008795	0.0	0.43947191997410784	0.2928739627000385
0	10	6976973	6987503	0.4515427776310569	0.36596319912896563	-0.5421946652621984	-0.27922814463025497	-0.4238000166102592	-0.7036894364755424	-0.8226036993315394	-0.09877524327008795	0.0	0.6701102102271459	0.2928739627000385
0	7	125558483	125598974	-0.17958402239028093	0.37582957740149253	-0.5421946652621984	-0.27922814463025497	-0.4238000166102592	-0.7036894364755424	-0.8226036993315394	-0.09324853395013785	0.0	0.6701102102271459	0.2928739627000385
0	16	77523358	77683773	-0.1510721032264352	0.31301663910235017	-0.5421946652621984	-0.27922814463025497	-0.4238000166102592	-0.7036894364755424	-0.8226036993315394	-0.07784995694329985	0.0	0.6501774872740302	-0.6443317464140348
0	1	153831851	153841494	0.40219919835005075	0.4724031981051524	-0.5421946652621984	-0.27922814463025497	2.416783866896699	-0.7036894364755424	1.14193844629637	-0.09877524327008795	0.0	-1.613823898718606	0.2928739627000385
0	11	4807560	4911702	-0.34491325487400515	0.32029263352051895	2.076705140134807	-0.27604124062070445	2.420629791956468	-0.6004184388165791	1.14193844629637	-0.08315702027435529	0.0	0.6657240180876716	0.2928739627000385
0	6	140791908	140793825	-0.6463296725388398	0.34524983931264125	-0.5421946652621984	-0.27922814463025497	-0.4238000166102592	-0.7036894364755424	-0.8226036993315394	-0.09877524327008795	0.0	0.6701102102271459	0.2928739627000385
0	12	97811612	97816575	-0.2817220804604302	0.35659737581905665	-0.5421946652621984	-0.27922814463025497	-0.4238000166102592	-0.7036894364755424	-0.8226036993315394	-0.09877524327008795	0.0	0.6701102102271459	0.2928739627000385
0	22	38955892	38964805	-0.07811770418557643	0.4814715155086616	0.563197024072505	-0.27922814463025497	-0.2504265584449071	1.2533710392839732	1.14193844629637	-0.09877524327008795	0.0	0.6701102102271459	0.2928739627000385
0	1	17868275	17869946	2.6282178749381293	0.37483620151556535	1.9019522280744952	-0.27922814463025497	2.416783866896699	-0.7036894364755424	1.14193844629637	-0.09877524327008795	0.0	0.6701102102271459	0.2928739627000385
0	10	25115483	25121163	-0.558165921572838	0.0964917511604739	-0.5421946652621984	-0.27922814463025497	-0.4238000166102592	-0.7036894364755424	-0.8226036993315394	-0.09877524327008795	0.0	0.5450567757408555	0.2928739627000385
0	12	30348844	30349948	0.23177882104061778	-0.29224197340691677	-0.5421946652621984	-0.27922814463025497	-0.4238000166102592	-0.7036894364755424	-0.8226036993315394	-0.09877524327008795	0.0	0.6701102102271459	0.2928739627000385
0	10	54998746	55088863	-0.2285344498618482	0.3244658279985341	-0.5421946652621984	-0.27922814463025497	-0.4238000166102592	-0.7036894364755424	-0.8226036993315394	-0.09877524327008795	0.0	0.6701102102271459	0.2928739627000385
0	3	88565701	88566529	-0.40937570636660486	0.4599336194665037	-0.5421946652621984	-0.27922814463025497	-0.4238000166102592	-0.7036894364755424	-0.8226036993315394	-0.09877524327008795	0.0	0.6701102102271459	0.2928739627000385
0	11	99732616	99735785	-0.2619670732344159	0.3718572161393824	-0.5421946652621984	-0.27922814463025497	-0.4238000166102592	1.3805834779042594	1.14193844629637	-0.09877524327008795	0.0	0.6701102102271459	0.2928739627000385
0	19	13626197	13628702	1.4697247990591162	0.3791832384941417	1.9019522280744952	3.76821767686553	2.416783866896699	1.3805834779042594	1.14193844629637	-0.09877524327008795	0.0	0.6701102102271459	0.2928739627000385
0	12	60745707	60757087	-0.4965652689999651	0.18192872141184638	-0.5421946652621984	-0.27922814463025497	-0.4238000166102592	-0.7036894364755424	-0.8226036993315394	-0.09877524327008795	0.0	0.6701102102271459	0.2928739627000385
0	1	121141175	121170321	-0.27890880450287775	-0.2585800057035303	-0.5421946652621984	-0.27922814463025497	-0.4238000166102592	-0.7036894364755424	-0.8226036993315394	-0.09016094033648957	0.0	0.6701102102271459	0.2928739627000385
0	9	82475488	82475832	-0.792643014133236	0.5888684814185681	-0.5421946652621984	-0.27922814463025497	-0.4238000166102592	-0.7036894364755424	-0.8226036993315394	-0.09877524327008795	0.0	0.6701102102271459	0.2928739627000385
0	7	41132962	41133419	-0.6477907592310433	0.4913884148075199	-0.5421946652621984	-0.27922814463025497	-0.4238000166102592	-0.7036894364755424	-0.8226036993315394	-0.09877524327008795	0.0	0.6701102102271459	0.2928739627000385
0	8	9479186	9484496	-0.23578929061117776	0.17011564082093414	1.9019522280744952	3.76821767686553	-0.4238000166102592	1.3805834779042594	1.14193844629637	-0.09877524327008795	0.0	-1.613823898718606	0.2928739627000385
0	14	48407561	48408840	-0.0810523249538039	0.4989008926230681	-0.5421946652621984	-0.27922814463025497	-0.4238000166102592	-0.7036894364755424	-0.8226036993315394	-0.09877524327008795	0.0	0.6701102102271459	0.2928739627000385
0	15	51119982	51125407	-0.06957958719736432	0.48244305538091387	-0.5421946652621984	-0.27922814463025497	-0.4238000166102592	-0.7036894364755424	-0.8226036993315394	-0.09877524327008795	0.0	0.6701102102271459	0.2928739627000385
0	17	27389313	27393469	2.812081402748842	0.36751024049206155	-0.5421946652621984	-0.27922814463025497	-0.4238000166102592	-0.7036894364755424	-0.8226036993315394	-0.07382244065495505	0.0	0.6701102102271459	0.2928739627000385
0	2	152243679	152257745	-0.42580133187934677	0.5398442919815399	-0.5421946652621984	-0.27922814463025497	-0.4238000166102592	-0.7036894364755424	-0.8226036993315394	-0.040570025947713056	0.0	0.6051611384527749	0.2928739627000385
0	19	57508485	57509952	-0.5054641161591065	0.03674870725869442	-0.5421946652621984	-0.27922814463025497	-0.4238000166102592	-0.7036894364755424	-0.8226036993315394	-0.09877524327008795	0.0	0.6701102102271459	0.2928739627000385
0	13	68397289	68397946	-0.1788705521107938	0.7906969899304386	-0.5421946652621984	-0.27922814463025497	-0.4238000166102592	-0.7036894364755424	-0.8226036993315394	-0.09877524327008795	0.0	0.6701102102271459	0.2928739627000385
0	5	146485307	146487201	-0.3144099144895289	0.34757264072367144	-0.5421946652621984	-0.27922814463025497	-0.4238000166102592	-0.7036894364755424	-0.8226036993315394	-0.09877524327008795	0.0	0.6701102102271459	0.2928739627000385
0	X	98785810	98787896	-0.6225237310768816	0.3805765977531014	-0.5421946652621984	-0.27922814463025497	-0.4238000166102592	-0.7036894364755424	-0.8226036993315394	-0.09877524327008795	0.0	0.6701102102271459	0.2928739627000385
0	2	47138761	47140746	-0.21144031550554412	0.5239952437990554	1.9019522280744952	-0.27922814463025497	2.416783866896699	1.3805834779042594	1.14193844629637	-0.09877524327008795	0.0	-1.613823898718606	0.2928739627000385
0	20	52240637	52241370	3.2035161258943488	0.3689353279668229	-0.5421946652621984	-0.27922814463025497	-0.4238000166102592	-0.7036894364755424	-0.8226036993315394	0.3926768961799427	0.0	-1.613823898718606	0.2928739627000385
0	16	74224413	74225883	-0.378229511793961	0.14634435732765358	-0.5421946652621984	-0.27922814463025497	-0.4238000166102592	-0.7036894364755424	-0.8226036993315394	-0.09877524327008795	0.0	0.6701102102271459	0.2928739627000385
0	1	203790503	203793507	-0.4776569925316601	0.4679049699312715	-0.5421946652621984	-0.27922814463025497	-0.4238000166102592	1.3805834779042594	1.14193844629637	-0.09877524327008795	0.0	-1.613823898718606	0.2928739627000385
0	8	51992875	51995707	-0.5048518620687888	0.5971461199673577	-0.5421946652621984	-0.27922814463025497	-0.4238000166102592	-0.7036894364755424	-0.8226036993315394	-0.09877524327008795	0.0	0.6701102102271459	0.2928739627000385
0	17	2533554	2534210	0.7651455189791596	0.05555127838233224	1.9019522280744952	-0.27922814463025497	2.416783866896699	-0.7036894364755424	1.14193844629637	-0.09877524327008795	0.0	-1.613823898718606	0.2928739627000385
0	10	102288069	102291404	1.434742190922054	-2.176413908146535	3.1742277923421116	-0.27922814463025497	3.2199834477503906	0.25813845414830006	0.9440115614594952	-0.0627698041679518	0.0	-1.613823898718606	0.2928739627000385
0	3	194398762	194400296	-0.3844961809923067	0.3305671318020802	-0.5421946652621984	-0.27922814463025497	-0.4238000166102592	-0.7036894364755424	-0.8226036993315394	-0.09877524327008795	0.0	-1.613823898718606	0.2928739627000385
0	11	101444635	101445461	-0.19850500702792742	-0.3516986640443968	-0.5421946652621984	-0.27922814463025497	-0.4238000166102592	1.3805834779042594	1.14193844629637	-0.09877524327008795	0.0	0.6701102102271459	0.2928739627000385
0	17	4468512	4470067	0.7675373625081218	-1.0771934417492453	0.4024563205225944	-0.27922814463025497	-0.4238000166102592	-0.7036894364755424	-0.8226036993315394	-0.09877524327008795	0.0	-1.613823898718606	0.2928739627000385
0	2	5593658	5604746	0.5181050056702836	0.29148868230308506	-0.5421946652621984	-0.27922814463025497	-0.4238000166102592	-0.7036894364755424	-0.8226036993315394	-0.09877524327008795	0.0	0.6701102102271459	0.2928739627000385
0	1	225745284	225748699	-0.3645383107088216	0.424099233246531	-0.5421946652621984	-0.27922814463025497	-0.4238000166102592	1.3805834779042594	1.14193844629637	-0.09877524327008795	0.0	0.6701102102271459	0.2928739627000385
0	3	185857384	185859055	-0.6186445569218357	0.4535265383198267	-0.5421946652621984	-0.27922814463025497	-0.4238000166102592	-0.7036894364755424	-0.8226036993315394	-0.09877524327008795	0.0	0.6701102102271459	0.2928739627000385
0	16	9961956	9966584	-0.25361346258577605	0.42690945293405425	-0.5421946652621984	-0.27922814463025497	-0.4238000166102592	1.3805834779042594	1.14193844629637	-0.09877524327008795	0.0	0.6701102102271459	0.2928739627000385
0	2	111883196	111886130	-0.34582635063484407	0.4522783155422647	1.7195159057702227	-0.27922814463025497	-0.4238000166102592	1.3805834779042594	1.14193844629637	-0.09877524327008795	0.0	-1.613823898718606	0.2928739627000385
0	5	17651003	17796720	-0.3752391055179575	0.3478847472065853	-0.5421946652621984	-0.27922814463025497	-0.4238000166102592	-0.7036894364755424	-0.8226036993315394	-0.08813750287067251	0.0	0.5993431583259261	0.2928739627000385
0	9	8152608	8152712	-0.42751247280023386	-3.440333670443429	-0.5421946652621984	-0.27922814463025497	-0.4238000166102592	-0.7036894364755424	-0.8226036993315394	-0.09877524327008795	0.0	0.6701102102271459	0.2928739627000385
0	17	80407483	80408431	3.6326538604389733	-2.053078457289828	1.9019522280744952	-0.27922814463025497	2.416783866896699	-0.7036894364755424	1.14193844629637	-0.09877524327008795	0.0	-1.613823898718606	0.2928739627000385
0	1	19647187	19648342	-0.49719500932039423	0.37361631688144153	1.9019522280744952	-0.27922814463025497	-0.4238000166102592	1.3805834779042594	1.14193844629637	-0.09877524327008795	0.0	-1.613823898718606	0.2928739627000385
0	11	12091682	12096715	-0.6528051391152312	0.27380932915118666	-0.5421946652621984	-0.27922814463025497	-0.4238000166102592	-0.7036894364755424	-0.8226036993315394	-0.05214337727256438	0.0	0.6701102102271459	0.2928739627000385
0	7	56493670	56496850	-0.6033768679876707	0.3085088588711699	-0.5421946652621984	-0.27922814463025497	-0.4238000166102592	-0.7036894364755424	-0.8226036993315394	-0.09877524327008795	0.0	0.6701102102271459	0.2928739627000385
0	2	95706333	95707429	-0.38011510123109665	0.011371460742565342	-0.5421946652621984	-0.27922814463025497	-0.4238000166102592	1.3805834779042594	1.14193844629637	-0.09877524327008795	0.0	-1.613823898718606	0.2928739627000385
0	6	19685573	19686511	-0.5073501234054071	0.6810217599781323	-0.5421946652621984	-0.27922814463025497	-0.4238000166102592	-0.7036894364755424	-0.8226036993315394	-0.09877524327008795	0.0	0.6701102102271459	0.2928739627000385
0	12	10995065	10995658	0.2461249336071156	0.2706886493647044	-0.5421946652621984	-0.27922814463025497	-0.4238000166102592	-0.7036894364755424	-0.8226036993315394	-0.09877524327008795	0.0	0.6701102102271459	0.2928739627000385
0	1	238840119	238883317	-0.4589610795090606	0.39034727429115834	-0.5421946652621984	-0.27922814463025497	-0.4238000166102592	-0.7036894364755424	-0.8226036993315394	-0.06087003530413912	0.0	0.6701102102271459	0.2928739627000385
0	2	40642778	40655158	-0.44681253969722473	0.28586172554196915	-0.5421946652621984	-0.27922814463025497	-0.4238000166102592	1.3805834779042594	1.14193844629637	-0.03264320879056229	0.0	0.6701102102271459	0.2928739627000385
0	2	59331918	59342511	-0.4421973957016387	0.36025204521459736	-0.5421946652621984	-0.27922814463025497	-0.4238000166102592	-0.7036894364755424	-0.8226036993315394	-0.09877524327008795	0.0	0.6701102102271459	0.2928739627000385
0	2	67319127	67334496	-0.46867205710145055	0.38560412461222826	-0.5421946652621984	-0.27922814463025497	-0.4238000166102592	-0.7036894364755424	-0.8226036993315394	-0.09877524327008795	0.0	0.6701102102271459	0.2928739627000385
0	11	12543450	12545178	0.10400408751778964	0.05589008295148559	-0.5421946652621984	3.76821767686553	-0.4238000166102592	1.3805834779042594	1.14193844629637	-0.09877524327008795	0.0	0.6701102102271459	0.2928739627000385
0	1	157540655	157540871	-0.8477425839175322	0.6691874723405327	-0.5421946652621984	-0.27922814463025497	-0.4238000166102592	-0.7036894364755424	-0.8226036993315394	-0.09877524327008795	0.0	0.6701102102271459	0.2928739627000385
0	2	163934121	163935798	1.3556140160063948	-0.15279259414041635	-0.5421946652621984	-0.27922814463025497	-0.4238000166102592	-0.7036894364755424	-0.8226036993315394	-0.09877524327008795	0.0	0.6701102102271459	0.2928739627000385
0	17	2693697	2696732	0.3228986619720381	0.13937402700064444	1.9019522280744952	-0.27922814463025497	2.416783866896699	-0.7036894364755424	1.14193844629637	-0.09877524327008795	0.0	-1.3481801621591825	0.2928739627000385
0	2	149960423	149970626	-0.5147184910044665	0.38412066999592204	1.9019522280744952	-0.27922814463025497	2.416783866896699	-0.7036894364755424	1.14193844629637	-0.09877524327008795	0.0	0.6253403560872707	0.2928739627000385
0	4	127519528	127569887	-0.37349705220193086	0.3833535557377824	-0.5421946652621984	-0.27922814463025497	-0.4238000166102592	-0.7036894364755424	-0.8226036993315394	-0.08143384333534683	0.0	0.6701102102271459	0.25764622038655177
0	21	30560381	30561536	-0.35107749876114264	0.528422141396908	-0.5421946652621984	-0.27922814463025497	-0.4238000166102592	-0.7036894364755424	-0.8226036993315394	-0.09877524327008795	0.0	0.6701102102271459	0.2928739627000385
0	18	20054141	20067271	-0.41372185605721984	0.3167445720709557	-0.5421946652621984	-0.27922814463025497	-0.4238000166102592	-0.7036894364755424	-0.8226036993315394	-0.09544966992921355	0.0	0.6701102102271459	0.2928739627000385
0	12	104597022	104644702	0.057248411471346565	-0.004343536733652923	1.3521729614839741	-0.27922814463025497	1.6700582293992954	0.8316258592217602	0.6207661811947043	-0.039706908983459244	0.0	0.2389984866425871	0.2928739627000385
0	1	21437150	21443545	-0.22717961266718353	0.49937168823930156	1.9019522280744952	-0.27922814463025497	2.416783866896699	-0.7036894364755424	1.14193844629637	-0.09877524327008795	0.0	-1.613823898718606	0.2928739627000385
0	13	73847728	73857221	-0.33951991678087384	0.3295598708271931	-0.5421946652621984	-0.27922814463025497	-0.4238000166102592	-0.7036894364755424	-0.8226036993315394	-0.08555115850749115	0.0	0.6701102102271459	0.2928739627000385
0	13	55970790	56035083	-0.06950935014557022	0.29491558039402704	-0.5421946652621984	-0.27922814463025497	-0.4238000166102592	-0.7036894364755424	-0.8226036993315394	-0.09877524327008795	0.0	0.6701102102271459	-3.4656723829883136
0	2	58688824	58691324	-0.4689533776486068	0.5568774784123603	-0.5421946652621984	-0.27922814463025497	-0.4238000166102592	-0.7036894364755424	-0.8226036993315394	-0.09877524327008795	0.0	0.6701102102271459	0.2928739627000385
0	3	7905946	7906150	-0.5724868799337152	-3.440333670443429	-0.5421946652621984	-0.27922814463025497	-0.4238000166102592	-0.7036894364755424	-0.8226036993315394	-0.09877524327008795	0.0	0.6701102102271459	0.2928739627000385
0	4	64091087	64091241	-0.8451388993877481	0.8651580751445446	-0.5421946652621984	-0.27922814463025497	-0.4238000166102592	-0.7036894364755424	-0.8226036993315394	-0.09877524327008795	0.0	0.6701102102271459	0.2928739627000385
0	8	92665401	92665595	-0.6684308601380938	0.4347192332970896	-0.5421946652621984	-0.27922814463025497	-0.4238000166102592	-0.7036894364755424	-0.8226036993315394	-0.09877524327008795	0.0	0.6701102102271459	0.2928739627000385
0	3	186094727	186096799	-0.22296015921845477	0.47311879049863825	-0.5421946652621984	-0.27922814463025497	-0.4238000166102592	-0.7036894364755424	-0.8226036993315394	-0.09877524327008795	0.0	0.6701102102271459	0.2928739627000385
0	2	46705265	46706907	-0.27293902690754884	0.3053298418859508	1.9019522280744952	-0.27922814463025497	-0.4238000166102592	-0.4713983625830311	-0.7436391551101984	-0.09877524327008795	0.0	0.6701102102271459	0.2928739627000385
0	11	40774804	40796039	-0.5259886648597547	0.39725738326150045	1.9019522280744952	-0.27922814463025497	2.416783866896699	-0.7036894364755424	1.14193844629637	-0.09877524327008795	0.0	0.6701102102271459	0.2928739627000385
0	6	7984382	7987235	-0.2682795405135463	0.4574209840339626	1.9019522280744952	-0.27922814463025497	-0.4238000166102592	1.3805834779042594	1.14193844629637	-0.09877524327008795	0.0	0.6701102102271459	0.2928739627000385
0	4	152161353	152163154	-0.2127482327120492	0.22955573094846585	-0.5421946652621984	-0.27922814463025497	-0.4238000166102592	-0.7036894364755424	-0.8226036993315394	-0.09877524327008795	0.0	0.6701102102271459	0.2928739627000385
0	13	28669631	28670811	-0.44923376876153287	0.07020270045520928	-0.5421946652621984	-0.27922814463025497	-0.4238000166102592	1.3805834779042594	1.14193844629637	-0.09877524327008795	0.0	0.6701102102271459	0.2928739627000385
0	3	155037216	155052753	-0.1433701514302191	0.2513652205499725	-0.5421946652621984	-0.27922814463025497	-0.4238000166102592	-0.7036894364755424	-0.8226036993315394	-0.06364557058095778	0.0	0.42800172870345055	-2.7921966137666896
0	8	3518052	3519166	2.209037148811709	0.08659158914338798	1.9019522280744952	-0.27922814463025497	-0.4238000166102592	1.3805834779042594	1.14193844629637	-0.09877524327008795	0.0	0.3830807889951842	0.2928739627000385
0	14	46425917	46698338	-0.44638506285898844	0.3338383834828063	-0.5421946652621984	-0.27922814463025497	-0.4238000166102592	-0.7036894364755424	-0.8226036993315394	-0.09552948852355586	0.0	0.6499889939425357	0.2928739627000385
0	1	154157587	154161373	2.7045678073905073	0.16079148683426525	1.9019522280744952	-0.27922814463025497	2.416783866896699	1.3805834779042594	1.14193844629637	0.22559662157005814	0.0	-1.0172019141049375	-3.4656723829883136
0	3	93954860	93958526	-0.7005125229337659	0.2050253065279881	-0.5421946652621984	-0.27922814463025497	-0.4238000166102592	-0.7036894364755424	-0.8226036993315394	-0.09877524327008795	0.0	0.6701102102271459	0.2928739627000385
0	18	35825519	35838194	0.10646736789870422	0.024375280046056123	-0.5421946652621984	-0.27922814463025497	-0.4238000166102592	-0.7036894364755424	-0.8226036993315394	-0.09877524327008795	0.0	0.6701102102271459	0.2928739627000385
0	18	33585202	33589205	-0.4694540118952723	0.4470462187831055	1.9019522280744952	3.76821767686553	-0.4238000166102592	1.3805834779042594	1.14193844629637	-0.09877524327008795	0.0	0.6701102102271459	0.2928739627000385
0	1	228846837	228855752	-0.5273594046241812	0.3342416476046498	-0.5421946652621984	-0.27922814463025497	-0.4238000166102592	-0.7036894364755424	-0.8226036993315394	-0.09877524327008795	0.0	0.6701102102271459	0.2928739627000385
0	6	136569528	136570778	0.34339775441573395	-1.0867883444765971	1.9019522280744952	-0.27922814463025497	0.8056046881715523	0.4785101605606812	1.14193844629637	-0.09877524327008795	0.0	-1.613823898718606	-3.4656723829883136
0	17	48844118	48844503	-0.5579112190887391	0.42025950163824566	-0.5421946652621984	-0.27922814463025497	-0.4238000166102592	-0.7036894364755424	-0.8226036993315394	-0.09877524327008795	0.0	-1.613823898718606	0.2928739627000385
0	X	148803850	148831837	-0.6202373412049244	0.1702944654798406	-0.5421946652621984	-0.27922814463025497	-0.4238000166102592	-0.7036894364755424	-0.8226036993315394	-0.09877524327008795	0.0	0.6262872704156667	-3.4656723829883136
0	11	132566389	132575348	-0.1445075695262983	0.2921372325344153	-0.5421946652621984	-0.27922814463025497	-0.4238000166102592	1.3805834779042594	1.14193844629637	-0.09877524327008795	0.0	0.6701102102271459	0.2928739627000385
0	8	134359568	134360174	-0.7010643198973026	-0.33946084272178473	-0.5421946652621984	-0.27922814463025497	-0.4238000166102592	-0.7036894364755424	-0.8226036993315394	-0.09877524327008795	0.0	0.6701102102271459	0.2928739627000385
0	8	6643191	6655048	-0.4383423310949731	0.26819721843027905	-0.5421946652621984	-0.27922814463025497	-0.4238000166102592	-0.7036894364755424	-0.8226036993315394	-0.09877524327008795	0.0	0.6317781795549519	0.2928739627000385
0	5	116755975	116756544	-0.38446429741317856	-3.440333670443429	-0.5421946652621984	-0.27922814463025497	-0.4238000166102592	-0.7036894364755424	-0.8226036993315394	-0.09877524327008795	0.0	0.6701102102271459	-3.4656723829883136
0	14	75039323	75042689	1.3880264538680935	0.11441068809214948	1.9019522280744952	-0.27922814463025497	-0.4238000166102592	1.3805834779042594	1.14193844629637	-0.09877524327008795	0.0	0.3986979572329984	-3.4656723829883136
0	21	35696523	35696643	-0.8692454451843602	-3.440333670443429	-0.5421946652621984	-0.27922814463025497	-0.4238000166102592	-0.7036894364755424	-0.8226036993315394	-0.09877524327008795	0.0	0.6701102102271459	0.2928739627000385
0	12	75025512	75028885	-0.6165999414091156	0.5176812113725452	-0.5421946652621984	-0.27922814463025497	-0.4238000166102592	-0.7036894364755424	-0.8226036993315394	-0.09877524327008795	0.0	0.6701102102271459	-3.4656723829883136
0	12	121535791	121542362	-0.4620358809470336	0.27718152193854917	-0.5421946652621984	-0.27922814463025497	-0.4238000166102592	-0.7036894364755424	-0.8226036993315394	-0.09877524327008795	0.0	0.6701102102271459	0.2928739627000385
0	1	48352571	48353250	0.07250272445695127	-0.844407374665804	-0.5421946652621984	-0.27922814463025497	-0.4238000166102592	1.3805834779042594	1.14193844629637	-0.09877524327008795	0.0	0.6701102102271459	0.2928739627000385
0	9	28507830	28644878	-0.36590563565357775	0.3653423051575321	1.9019522280744952	-0.27922814463025497	2.416783866896699	-0.7036894364755424	1.14193844629637	-0.08085346578650865	0.0	0.6667771676304709	0.2928739627000385
0	16	74138685	74140754	0.2923416815604019	0.2703513171146262	-0.5421946652621984	-0.27922814463025497	-0.4238000166102592	-0.7036894364755424	-0.8226036993315394	-0.09877524327008795	0.0	0.6701102102271459	0.2928739627000385
0	1	234086934	234087823	-0.7041218814855381	0.38237142732154983	1.9019522280744952	-0.27922814463025497	2.416783866896699	1.3805834779042594	1.14193844629637	-0.09877524327008795	0.0	0.6701102102271459	0.2928739627000385
0	14	70787842	70789134	-0.545916043053317	0.37065349083254606	-0.5421946652621984	-0.27922814463025497	-0.4238000166102592	-0.7036894364755424	-0.8226036993315394	-0.09877524327008795	0.0	-1.613823898718606	0.2928739627000385
0	9	9898128	9919575	-0.22440684290173815	0.21474421075526012	1.9019522280744952	-0.27922814463025497	2.416783866896699	-0.7036894364755424	1.14193844629637	-0.09877524327008795	0.0	0.6701102102271459	0.2928739627000385
0	1	222374169	222380531	-0.5850111081564418	0.0035640697647854307	-0.5421946652621984	-0.27922814463025497	-0.4238000166102592	-0.7036894364755424	-0.8226036993315394	-0.09877524327008795	0.0	0.6701102102271459	0.2928739627000385
0	5	161585512	161585660	-0.059345801370979424	-3.440333670443429	-0.5421946652621984	-0.27922814463025497	-0.4238000166102592	-0.7036894364755424	-0.8226036993315394	-0.09877524327008795	0.0	0.6701102102271459	0.2928739627000385
0	12	80442260	80442515	-0.1583407412773865	0.28667758033876684	-0.5421946652621984	-0.27922814463025497	-0.4238000166102592	-0.7036894364755424	-0.8226036993315394	-0.09877524327008795	0.0	0.6701102102271459	0.2928739627000385
0	X	93487027	93488017	-0.5237933652455399	0.35383045640969923	-0.5421946652621984	-0.27922814463025497	-0.4238000166102592	-0.7036894364755424	-0.8226036993315394	-0.09877524327008795	0.0	0.6701102102271459	0.2928739627000385
0	4	71799331	71800240	-0.086847865765351	0.4113216022842524	-0.5421946652621984	-0.27922814463025497	2.416783866896699	1.3805834779042594	1.14193844629637	-0.09877524327008795	0.0	-1.613823898718606	0.2928739627000385
0	7	109452956	109463483	-0.45417721649557863	0.3336053441633533	-0.5421946652621984	-0.27922814463025497	-0.4238000166102592	-0.7036894364755424	-0.8226036993315394	-0.09877524327008795	0.0	0.6701102102271459	0.2928739627000385
0	8	62850069	62861079	0.14253292785785585	0.34184873108269986	-0.5421946652621984	-0.27922814463025497	-0.4238000166102592	-0.7036894364755424	-0.8226036993315394	-0.09877524327008795	0.0	0.6701102102271459	0.2928739627000385
0	X	66483120	66484333	-0.41713062218121205	0.6277295342373684	-0.5421946652621984	-0.27922814463025497	-0.4238000166102592	-0.7036894364755424	-0.8226036993315394	-0.09877524327008795	0.0	0.6701102102271459	0.2928739627000385
0	2	57549190	57553493	-0.6334648684132892	0.4304695924337457	-0.5421946652621984	-0.27922814463025497	-0.4238000166102592	-0.7036894364755424	-0.8226036993315394	-0.09877524327008795	0.0	0.6701102102271459	0.2928739627000385
