Label (1 = gold standard, 0 = negative)	Chromosome	Start	End	E003-H3K4me1.pval.signal.bigwig_mean	28736.Roadmap.SRS004212_Combined_Libraries_424.WGB-Seq.signal.bigWig_mean	E003-DNase.pval.signal.bigwig_mean	E003-H3K4me3.pval.signal.bigwig_mean	data/gc19_pc.prom.nr.bed_overlap	data/gc19_pc.3utr.nr.bed_overlap	data/gc19_pc.5utr.nr.bed_overlap	data/gc19_pc.cds.nr.bed_overlap	data/gc19_pc.ss.nr.bed_overlap	data/sensitive.nc.bed_overlap	data/ultra.conserved.hg19.bed_overlap	data/wgEncodeBroadHmmGm12878HMM.Heterochrom.bed_overlap	data/H1-ESC_Dixon2015-raw_TADs.bed_overlap
0	5	15228798	15260402	-0.19476700621721077	0.22963609541742103	-0.30056537388241117	-0.12120426100752685	-0.5514370036566714	-0.28652011361883195	-0.42891942650139897	-0.7089466203655337	-0.8186225764150724	0.05194535246399506	-0.05006261743217589	0.6339356358172399	0.29273093010871276
0	2	43301895	43306146	-0.42035640204944286	0.3787150031267304	-0.42328313812819407	-0.1341925405490178	-0.5514370036566714	-0.28652011361883195	-0.42891942650139897	-0.7089466203655337	-0.8186225764150724	-0.03538938454589785	-0.05006261743217589	0.5233040548613983	0.29273093010871276
0	13	53037516	53038864	-0.4205475605542337	0.27215683010397773	-0.2016458130257362	-0.13242971478387772	-0.5514370036566714	-0.28652011361883195	-0.42891942650139897	1.3739475223993531	1.1786184870933614	-0.06949767373179352	-0.05006261743217589	-1.7175386173991658	0.29273093010871276
0	13	21455655	21458145	3.89393503227271	0.29575114244745243	2.527237586567341	-0.07494661134928561	-0.5514370036566714	-0.28652011361883195	-0.42891942650139897	1.3739475223993531	1.1786184870933614	-0.06949767373179352	-0.05006261743217589	-1.7175386173991658	0.29273093010871276
0	1	85910957	85915409	2.8434879058909988	0.3323153868049157	-0.3193169779409474	-0.10329824033332474	1.8056062407270237	-0.28652011361883195	2.4118144309281626	1.3739475223993531	1.1786184870933614	0.17572291685727473	-0.05006261743217589	0.6339356358172399	0.29273093010871276
0	16	67565106	67568244	-0.3033494909310867	0.1825687198624214	-0.0008605722138325266	-0.12949550302504798	1.8056062407270237	-0.28652011361883195	2.4118144309281626	1.3739475223993531	1.1786184870933614	-0.06949767373179352	-0.05006261743217589	-1.7175386173991658	0.29273093010871276
0	2	231884087	231885265	-0.641375540848169	0.28645732915648264	-0.5904786127104742	-0.14155912146079055	-0.5514370036566714	3.7922727747780156	-0.42891942650139897	-0.7089466203655337	1.1786184870933614	-0.06949767373179352	-0.05006261743217589	0.6339356358172399	-3.4658230612108603
0	1	105091218	105092753	-0.481337766034263	0.3117256839561176	-0.5826561047442853	-0.11690177266778776	-0.5514370036566714	-0.28652011361883195	-0.42891942650139897	-0.7089466203655337	-0.8186225764150724	-0.06949767373179352	-0.05006261743217589	0.6339356358172399	0.29273093010871276
0	20	23039635	23055953	0.6493439899237797	0.29702400501779486	0.5884208076642763	-0.11222537127999327	-0.5514370036566714	-0.28652011361883195	-0.42891942650139897	-0.7089466203655337	-0.8186225764150724	0.03503815990499994	-0.05006261743217589	-0.6053509543078422	0.29273093010871276
0	2	24547080	24548453	-0.49521768710253455	0.435466184709973	-0.40598550035750075	-0.1444407512739443	1.8056062407270237	-0.28652011361883195	2.4118144309281626	1.3739475223993531	1.1786184870933614	-0.06949767373179352	-0.05006261743217589	-1.7175386173991658	0.29273093010871276
0	22	16940402	16944607	-0.6379203860944026	-0.16714153042713897	-0.4448608243116537	-0.12934640776217088	-0.5514370036566714	-0.28652011361883195	-0.42891942650139897	-0.7089466203655337	-0.8186225764150724	-0.06949767373179352	-0.05006261743217589	0.6339356358172399	0.29273093010871276
0	10	91743010	91749571	-0.038379581555731346	0.20011620903745458	-0.06685329913876367	-0.11248551419360955	-0.5514370036566714	-0.28652011361883195	-0.42891942650139897	-0.7089466203655337	-0.8186225764150724	-0.06949767373179352	-0.05006261743217589	0.6339356358172399	0.29273093010871276
0	8	5742207	5758561	-0.4097990032235642	0.48741732755481504	-0.17826037842042006	-0.11840983967383155	-0.5514370036566714	-0.28652011361883195	-0.42891942650139897	-0.7089466203655337	-0.8186225764150724	-0.06949767373179352	-0.05006261743217589	0.6339356358172399	0.29273093010871276
0	17	4232177	4233901	0.6273912471754078	0.5332316851452413	0.23535352145582364	-0.12811769710806642	1.8056062407270237	-0.28652011361883195	-0.42891942650139897	1.3739475223993531	1.1786184870933614	0.19765444226994988	-0.05006261743217589	-1.7175386173991658	0.29273093010871276
0	20	16143040	16151318	-0.5236784652794875	0.4206712049185313	-0.10850831078614499	-0.11729739476854376	-0.5514370036566714	-0.28652011361883195	-0.42891942650139897	-0.7089466203655337	-0.8186225764150724	-0.06949767373179352	-0.05006261743217589	0.6339356358172399	0.29273093010871276
0	4	112949390	112995250	-0.20253404081907828	0.2871789198039685	-0.2857561864025346	-0.12403671794102177	-0.5514370036566714	-0.28652011361883195	-0.42891942650139897	-0.7089466203655337	-0.8186225764150724	-0.06540609652592054	-0.05006261743217589	0.572405563774944	0.29273093010871276
0	16	48005604	48007214	-0.4979122681989186	0.35268520413861826	-0.10081887155094683	-0.12146112358470118	-0.5514370036566714	-0.28652011361883195	-0.42891942650139897	-0.7089466203655337	-0.8186225764150724	-0.06949767373179352	-0.05006261743217589	0.6339356358172399	0.29273093010871276
0	1	182546284	182547847	-0.49857432806111407	0.21842289368235948	-0.5579746800662317	-0.1094043241190546	-0.5514370036566714	3.7922727747780156	-0.42891942650139897	1.3739475223993531	1.1786184870933614	-0.06949767373179352	-0.05006261743217589	-1.7175386173991658	0.29273093010871276
0	9	36474157	36474999	-0.6174359966665068	0.30274231386115413	-0.026190938239978322	-0.0820942207608627	-0.5514370036566714	-0.28652011361883195	-0.42891942650139897	-0.7089466203655337	-0.8186225764150724	-0.06949767373179352	-0.05006261743217589	-1.7175386173991658	0.29273093010871276
0	3	14385028	14392225	1.1501665094864275	0.26610591381549314	0.42085305644235077	-0.1350291409569635	-0.5514370036566714	-0.28652011361883195	-0.42891942650139897	-0.7089466203655337	-0.8186225764150724	-0.06949767373179352	-0.05006261743217589	0.6339356358172399	0.29273093010871276
0	11	56384293	56395496	-0.0085009297391364	0.3226580849948235	0.4264906747914437	-0.12286822125938868	-0.5514370036566714	-0.28652011361883195	-0.42891942650139897	-0.7089466203655337	-0.8186225764150724	-0.06949767373179352	-0.05006261743217589	0.5499769014347922	0.29273093010871276
0	20	49385027	49387836	1.5821069535884782	0.37421711036836414	0.6337813141469906	-0.11826013888126695	-0.5514370036566714	-0.28652011361883195	-0.42891942650139897	-0.7089466203655337	-0.8186225764150724	-0.06949767373179352	-0.05006261743217589	0.6339356358172399	0.29273093010871276
0	8	104014161	104014505	1.8342689590508081	0.3783544277628404	-0.06315139198312184	-0.12668009614436793	-0.5514370036566714	-0.28652011361883195	-0.42891942650139897	-0.7089466203655337	-0.8186225764150724	-0.06949767373179352	-0.05006261743217589	0.6339356358172399	-3.4658230612108603
0	X	80287951	80295028	-0.5337325501463505	0.13012534619924102	-0.43520423468589264	-0.13719221870126727	-0.5514370036566714	-0.28652011361883195	-0.42891942650139897	-0.7089466203655337	-0.8186225764150724	-0.06949767373179352	-0.05006261743217589	0.6339356358172399	0.29273093010871276
0	8	135118174	135120085	0.03459771607848365	-0.3185031368812468	0.2380901899595929	-0.09807247020589611	-0.5514370036566714	-0.28652011361883195	-0.42891942650139897	-0.7089466203655337	-0.8186225764150724	-0.06949767373179352	-0.05006261743217589	0.6339356358172399	0.29273093010871276
0	6	55413595	55417911	-0.4977155253113757	-0.11728353066330112	-0.5924678060679688	-0.12963029238101276	-0.5514370036566714	-0.28652011361883195	-0.42891942650139897	1.3739475223993531	1.1786184870933614	-0.06949767373179352	-0.05006261743217589	0.6339356358172399	0.29273093010871276
0	7	146253839	146254815	-0.3245321344848075	0.5750439639458637	-0.19382292817087493	-0.12563829634142182	1.8056062407270237	-0.28652011361883195	2.4118144309281626	1.3739475223993531	1.1786184870933614	-0.06949767373179352	-0.05006261743217589	0.6339356358172399	0.29273093010871276
0	10	91840212	91840808	-0.2851467086427354	0.7291085965119244	0.04620081415532549	-0.0932856609833784	-0.5514370036566714	-0.28652011361883195	-0.42891942650139897	-0.7089466203655337	-0.8186225764150724	-0.06949767373179352	-0.05006261743217589	0.6339356358172399	0.29273093010871276
0	5	26026711	26028832	-0.560607606573697	0.4486217047849981	-0.5261489362713686	-0.13139274162518866	-0.5514370036566714	-0.28652011361883195	-0.42891942650139897	-0.7089466203655337	-0.8186225764150724	-0.06949767373179352	-0.05006261743217589	0.6339356358172399	0.29273093010871276
0	3	28511595	28537146	-0.44366952963135636	0.266327056156942	-0.4351181745472688	-0.12385934111222946	1.8056062407270237	3.7922727747780156	-0.42891942650139897	1.3739475223993531	1.1786184870933614	-0.06949767373179352	-0.05006261743217589	0.597123389670844	0.29273093010871276
0	19	53096015	53097618	-0.5768495405679831	0.4988273555379901	-0.44105236952803245	-0.1369228230177245	-0.5514370036566714	0.49208913394787723	-0.42891942650139897	-0.5049451353910565	-0.7426202652023374	-0.06949767373179352	-0.05006261743217589	-1.7175386173991658	0.29273093010871276
0	2	40764807	40772028	0.31294301047106354	0.3824907050545212	-0.3947062681065084	-0.12127541668974755	1.8056062407270237	-0.28652011361883195	2.4118144309281626	-0.7089466203655337	1.1786184870933614	-0.06949767373179352	-0.05006261743217589	0.5036780951322155	0.29273093010871276
0	13	88469260	88472105	-0.47122127622971766	0.491344491565213	-0.20067761814457266	-0.12641438423998597	-0.5514370036566714	-0.28652011361883195	-0.42891942650139897	-0.7089466203655337	-0.8186225764150724	-0.06949767373179352	-0.05006261743217589	0.6339356358172399	0.29273093010871276
0	12	2069969	2071786	-0.3207742100155611	0.42429390636123304	0.09579857179792532	-0.08804310654601842	-0.5514370036566714	-0.28652011361883195	-0.42891942650139897	1.3739475223993531	1.1786184870933614	-0.06949767373179352	-0.05006261743217589	-1.7175386173991658	0.29273093010871276
0	22	50031103	50047669	0.008993081187111862	0.13678447784729372	0.10535255975631536	-0.132488300127505	-0.5502987478341997	-0.28652011361883195	2.4118144309281626	1.3739475223993531	1.1786184870933614	-0.06949767373179352	-0.05006261743217589	-1.7175386173991658	0.29273093010871276
0	4	113225327	113232187	0.23367016201313742	-0.20315866344897615	0.7314233654839176	-0.0867824038008833	-0.5514370036566714	-0.28652011361883195	2.4118144309281626	-0.7089466203655337	1.1786184870933614	-0.06949767373179352	-0.05006261743217589	-1.7175386173991658	0.29273093010871276
0	18	10462404	10462659	-0.5747396269727273	-3.414970603970106	-0.5553644544340645	-0.14571389974167173	1.8056062407270237	-0.28652011361883195	-0.42891942650139897	1.3739475223993531	1.1786184870933614	-0.06949767373179352	-0.05006261743217589	0.6339356358172399	0.29273093010871276
0	12	133762765	133764199	-0.48561366407561823	0.5693219528063304	-0.3668629247059036	-0.12878283121144463	1.8056062407270237	-0.28652011361883195	-0.42891942650139897	3.4568416651642395	3.175859550601795	-0.06949767373179352	-0.05006261743217589	-1.7175386173991658	0.29273093010871276
0	6	139119584	139123672	-0.12421191366818812	0.4188224914183293	1.4613275952419673	-0.1047840773759145	1.8056062407270237	-0.28652011361883195	2.4118144309281626	-0.7089466203655337	1.1786184870933614	-0.06949767373179352	-0.05006261743217589	0.6339356358172399	0.29273093010871276
0	10	61361925	61365001	-0.2894358220538712	0.4636717615902846	0.05047960739590393	-0.12306567980934001	-0.5514370036566714	-0.28652011361883195	-0.42891942650139897	-0.7089466203655337	-0.8186225764150724	-0.06949767373179352	-0.05006261743217589	0.6339356358172399	0.29273093010871276
0	16	12105217	12109804	-0.36683007902206843	0.30042916477944526	0.19198857422491808	-0.13422195197801598	1.8056062407270237	-0.28652011361883195	-0.42891942650139897	1.3739475223993531	1.1786184870933614	-0.06949767373179352	-0.05006261743217589	-1.7175386173991658	-3.4658230612108603
0	14	90829318	90829690	1.149543765823801	-0.460080297266047	0.43001035835184115	-0.14353292905080864	-0.5514370036566714	-0.28652011361883195	-0.42891942650139897	-0.7089466203655337	-0.8186225764150724	-0.06949767373179352	-0.05006261743217589	0.6339356358172399	0.29273093010871276
0	3	114488988	114490996	-0.5820658905188213	0.2003282305490168	-0.4450283795638729	-0.1252519974707037	1.8056062407270237	-0.28652011361883195	2.4118144309281626	-0.7089466203655337	1.1786184870933614	-0.06949767373179352	-0.05006261743217589	0.6339356358172399	0.29273093010871276
0	10	17407069	17411490	-0.50650108792411	0.4551770919338653	-0.14520784373731777	-0.12812766886766044	1.8056062407270237	-0.28652011361883195	-0.42891942650139897	1.3739475223993531	1.1786184870933614	-0.06949767373179352	-0.05006261743217589	0.6339356358172399	0.29273093010871276
0	2	242017590	242018331	-0.7165668264250953	-0.17747327771960725	5.868734788337129	-0.1505434262872164	-0.5514370036566714	3.7922727747780156	-0.42891942650139897	1.3739475223993531	1.1786184870933614	-0.06949767373179352	-0.05006261743217589	-1.7175386173991658	0.29273093010871276
0	4	11880257	11898796	-0.3614788387205679	0.3234958708870872	-0.47888115726535857	-0.12607086081450494	-0.5514370036566714	-0.28652011361883195	-0.42891942650139897	-0.7089466203655337	-0.8186225764150724	-0.06949767373179352	-0.05006261743217589	0.6339356358172399	0.29273093010871276
0	11	118607714	118616631	0.8061871167123373	0.39641374535716034	0.2858250390881312	-0.11857464340201287	-0.5514370036566714	-0.28652011361883195	-0.42891942650139897	-0.7089466203655337	-0.8186225764150724	-0.06949767373179352	-0.05006261743217589	0.6339356358172399	0.29273093010871276
0	8	11642166	11645317	1.8990069384640502	0.41713283673979784	0.21578310413840243	-0.10827329492072907	-0.5514370036566714	1.1024182453941214	-0.42891942650139897	0.35927201965606487	0.008543271848496582	-0.06949767373179352	-0.05006261743217589	-1.7175386173991658	0.29273093010871276
0	12	132094079	132098818	0.11758869397230572	0.3263825831413676	0.30785428124974745	-0.13135699125982714	-0.5514370036566714	-0.28652011361883195	-0.42891942650139897	-0.7089466203655337	-0.8186225764150724	-0.06949767373179352	-0.05006261743217589	0.6339356358172399	0.29273093010871276
0	3	155595468	155615602	-0.04102134852974438	0.37799293419350466	-0.412931036730828	-0.11714227039080874	-0.5514370036566714	-0.28652011361883195	-0.42891942650139897	1.3739475223993531	1.1786184870933614	0.004211459473635815	-0.05006261743217589	-1.7175386173991658	-3.4658230612108603
0	4	55074371	55074570	0.3433053335786533	0.6144237317163475	-0.09762410519368964	-0.05274810889596875	-0.5514370036566714	-0.28652011361883195	-0.42891942650139897	1.3739475223993531	1.1786184870933614	-0.06949767373179352	-0.05006261743217589	0.6339356358172399	0.29273093010871276
0	12	38084722	38086524	-0.6747706656051831	-0.8509135256401685	0.08782742322923966	-0.12915269327254	-0.5514370036566714	-0.28652011361883195	-0.42891942650139897	-0.7089466203655337	-0.8186225764150724	-0.06949767373179352	-0.05006261743217589	-1.7175386173991658	0.29273093010871276
0	3	11956506	11958084	0.2454437054063796	-0.19683216564746653	-0.21791847646878879	-0.14413009154152437	-0.5514370036566714	-0.28652011361883195	-0.42891942650139897	-0.7089466203655337	-0.8186225764150724	-0.06949767373179352	-0.05006261743217589	0.6339356358172399	0.29273093010871276
0	1	71718761	71731545	-0.4122396407536751	0.32945386972651775	-0.50762995604487	-0.12934378562530316	-0.5514370036566714	-0.28652011361883195	-0.42891942650139897	-0.7089466203655337	-0.8186225764150724	-0.06949767373179352	-0.05006261743217589	0.6339356358172399	0.29273093010871276
0	2	76557061	76557292	-0.449925006336868	0.18630024010571072	-0.7381396742475178	-0.15786648260463312	-0.5514370036566714	-0.28652011361883195	-0.42891942650139897	-0.7089466203655337	-0.8186225764150724	-0.06949767373179352	-0.05006261743217589	0.6339356358172399	0.29273093010871276
0	8	114197224	114197336	0.2289344908723301	-3.414970603970106	-0.20373349490620424	-0.1260611302441342	1.8056062407270237	-0.28652011361883195	-0.42891942650139897	1.3739475223993531	1.1786184870933614	-0.06949767373179352	-0.05006261743217589	0.6339356358172399	0.29273093010871276
0	2	49487430	49491516	0.0944862933140831	0.4840959288893021	-0.42502777649243545	-0.1098546259945339	-0.5514370036566714	-0.28652011361883195	-0.42891942650139897	-0.7089466203655337	-0.8186225764150724	-0.05071115684539314	-0.05006261743217589	0.6339356358172399	0.29273093010871276
0	3	29558377	29569679	-0.19715252116966459	0.47976425800884737	-0.43496525110515877	-0.13041114261976483	-0.5514370036566714	-0.28652011361883195	-0.42891942650139897	1.3739475223993531	1.1786184870933614	-0.05440463061300767	-0.05006261743217589	0.5923239873795048	0.29273093010871276
0	15	23177653	23183042	-0.6611175634294083	0.5716926651303436	-0.468324728341951	-0.134158432764149	-0.5514370036566714	-0.28652011361883195	-0.42891942650139897	-0.7089466203655337	-0.8186225764150724	-0.06949767373179352	-0.05006261743217589	0.6339356358172399	0.29273093010871276
0	7	36953181	36953317	0.201802002612471	0.5680282846515958	0.26361044265744266	-0.11194539994289451	-0.5514370036566714	3.7922727747780156	-0.42891942650139897	1.3739475223993531	1.1786184870933614	-0.06949767373179352	-0.05006261743217589	-1.7175386173991658	0.29273093010871276
0	X	32298048	32298151	-0.6729949457404826	-3.414970603970106	-0.5553644544340645	-0.1414228993853112	1.8056062407270237	3.7922727747780156	2.4118144309281626	1.3739475223993531	1.1786184870933614	-0.06949767373179352	-0.05006261743217589	0.6339356358172399	0.29273093010871276
0	2	9534364	9537967	-0.45177860372886836	0.5078895078834114	-0.42713632703666793	-0.13277047927937866	-0.5514370036566714	-0.28652011361883195	-0.42891942650139897	1.3739475223993531	1.1786184870933614	-0.06949767373179352	-0.05006261743217589	-0.9441561610956851	0.29273093010871276
0	4	119322762	119322885	0.8675190586843883	0.6401445133975212	-0.25065757098400987	-0.04075257389226495	-0.5514370036566714	-0.28652011361883195	-0.42891942650139897	-0.7089466203655337	-0.8186225764150724	-0.06949767373179352	-0.05006261743217589	0.6339356358172399	-3.4658230612108603
0	3	8718398	8720102	0.04585526076885921	-0.23253309546781242	0.32331991666157134	-0.10978073800080762	1.8056062407270237	-0.28652011361883195	2.4118144309281626	-0.7089466203655337	1.1786184870933614	-0.06949767373179352	-0.05006261743217589	0.6339356358172399	0.29273093010871276
0	4	80274238	80274462	2.29030045960111	-1.2318824706496143	10.033230295267023	-0.08493841530859987	-0.5514370036566714	-0.28652011361883195	-0.42891942650139897	-0.7089466203655337	-0.8186225764150724	19.920530450704238	-0.05006261743217589	-1.7175386173991658	0.29273093010871276
0	5	109664943	109665189	-0.5085206144633623	0.347989557347532	-0.3897116996733202	-0.12562556131501154	-0.5514370036566714	-0.28652011361883195	-0.42891942650139897	-0.7089466203655337	-0.8186225764150724	-0.06949767373179352	-0.05006261743217589	0.6339356358172399	0.29273093010871276
0	11	25245552	25255963	-0.5574798759421787	0.37568659059987874	-0.1806159265327339	-0.12905472431427284	-0.5514370036566714	-0.28652011361883195	-0.42891942650139897	-0.7089466203655337	-0.8186225764150724	-0.06949767373179352	-0.05006261743217589	0.6339356358172399	0.29273093010871276
0	17	20951047	20960427	1.2920705604075347	0.2561139347275509	0.7124141360638141	-0.10840158612985665	-0.5514370036566714	-0.28652011361883195	-0.42891942650139897	-0.7089466203655337	-0.8186225764150724	-0.06949767373179352	-0.05006261743217589	-0.8749687916997693	-3.4658230612108603
0	22	44564941	44566024	0.1940802527896192	0.3440807816412686	0.02253901549447332	-0.12256600950579674	-0.5514370036566714	3.7922727747780156	-0.42891942650139897	-0.7089466203655337	-0.8186225764150724	-0.06949767373179352	-0.05006261743217589	-1.7175386173991658	0.29273093010871276
0	15	61285472	61290849	-0.0047098143025416615	0.35006329743443676	-0.019535312660633547	-0.1268391247575844	1.8056062407270237	-0.28652011361883195	2.4118144309281626	1.3739475223993531	1.1786184870933614	-0.06949767373179352	-0.05006261743217589	0.6339356358172399	0.29273093010871276
0	10	65650476	65651275	-0.5681673651341839	-3.414970603970106	-0.24706256090846113	-0.13786155769998204	-0.5514370036566714	-0.28652011361883195	-0.42891942650139897	-0.7089466203655337	-0.8186225764150724	-0.06949767373179352	-0.05006261743217589	0.6339356358172399	0.29273093010871276
0	13	32477801	32494960	0.21139983166788617	0.07051068452202434	0.20185124745484873	-0.11302443712406879	-0.5514370036566714	-0.28652011361883195	-0.42891942650139897	-0.7089466203655337	-0.8186225764150724	-0.06949767373179352	-0.05006261743217589	-0.15541640675671523	0.29273093010871276
0	10	71085697	71086857	1.0877958154980314	-2.0055396431075097	2.0554358561512123	-0.05901430816242112	-0.5514370036566714	-0.28652011361883195	-0.42891942650139897	1.3739475223993531	1.1786184870933614	-0.06949767373179352	-0.05006261743217589	-1.7175386173991658	0.29273093010871276
0	16	78171653	78172364	-0.10853080821701559	0.30856930596406495	-0.2965567269072359	-0.13658329404976857	-0.5514370036566714	3.7922727747780156	-0.42891942650139897	1.3739475223993531	1.1786184870933614	-0.06949767373179352	-0.05006261743217589	-1.7175386173991658	0.29273093010871276
0	14	105417077	105419864	-0.5218614441928141	0.28177852412848814	-0.32419470945045165	-0.1291778806608481	-0.5514370036566714	-0.28652011361883195	-0.42891942650139897	1.3739475223993531	-0.8186225764150724	-0.06949767373179352	-0.05006261743217589	0.6339356358172399	0.29273093010871276
0	10	17094418	17101654	-0.44589119246358005	0.4285100458933036	-0.16087169183895983	-0.11843226192479192	1.8056062407270237	3.7922727747780156	-0.42891942650139897	1.3739475223993531	1.1786184870933614	-0.06949767373179352	-0.05006261743217589	0.6339356358172399	0.29273093010871276
0	4	79391949	79392640	-0.6629662409259129	0.3709792991487865	-0.4757476405735132	-0.11514020967258057	-0.5514370036566714	3.7922727747780156	-0.42891942650139897	1.3739475223993531	1.1786184870933614	-0.06949767373179352	-0.05006261743217589	0.6339356358172399	0.29273093010871276
0	14	33755626	33758798	-0.09711743939762411	0.40504560963602676	0.017281228286472824	-0.13189795527472728	1.8056062407270237	-0.28652011361883195	-0.42891942650139897	1.3739475223993531	1.1786184870933614	-0.06949767373179352	-0.05006261743217589	0.6339356358172399	0.29273093010871276
0	1	165469847	165474096	-0.38119506414303855	0.20922165848410385	-0.45257397911593766	-0.12928873829592868	-0.5514370036566714	-0.28652011361883195	-0.42891942650139897	-0.7089466203655337	-0.8186225764150724	0.2597018794086795	-0.05006261743217589	0.6339356358172399	0.29273093010871276
0	1	155509462	155520806	0.04070251345787744	0.5199430674123623	-0.37008057492890595	-0.11492014191329047	-0.5514370036566714	-0.28652011361883195	2.4118144309281626	-0.7089466203655337	1.1786184870933614	0.043281046293232615	-0.05006261743217589	-1.7175386173991658	0.29273093010871276
0	11	49918694	49918894	-0.6738875132227155	-3.414970603970106	-0.5538728859462907	-0.10251507956522125	-0.5514370036566714	-0.28652011361883195	-0.42891942650139897	-0.7089466203655337	-0.8186225764150724	-0.06949767373179352	-0.05006261743217589	0.6339356358172399	0.29273093010871276
0	10	86119391	86120022	0.49427828753388564	0.7271514151099989	-0.19993518042778535	-0.11855101280184718	1.8056062407270237	-0.28652011361883195	2.4118144309281626	-0.7089466203655337	1.1786184870933614	-0.06949767373179352	-0.05006261743217589	-1.7175386173991658	0.29273093010871276
0	4	70959706	71082055	-0.4373544181648457	0.37939306884766605	-0.48342634805599066	-0.12659969460937656	-0.47044729553164355	-0.12873437985082203	-0.37440289512603336	-0.47292307791490185	-0.5225518184288817	-0.02425519480257939	-0.05006261743217589	0.6262478762010065	0.29273093010871276
0	4	185767127	185769126	-0.32729200490332205	0.5644381261152281	-0.4352930128834288	-0.12248519107660101	-0.5514370036566714	-0.28652011361883195	-0.42891942650139897	-0.7089466203655337	-0.8186225764150724	-0.06949767373179352	-0.05006261743217589	-1.7175386173991658	0.29273093010871276
0	20	49662112	49676182	-0.42152258404671283	0.2951960314875058	0.0368094842310196	-0.12891063321502091	-0.5514370036566714	-0.28652011361883195	-0.42891942650139897	-0.7089466203655337	-0.8186225764150724	-0.056161516613004545	-0.05006261743217589	0.6339356358172399	0.29273093010871276
0	3	192901787	192904956	-0.5784416824291634	0.43096576034732215	-0.42793421805344495	-0.11734983742360335	-0.5514370036566714	-0.28652011361883195	-0.42891942650139897	-0.7089466203655337	-0.8186225764150724	-0.06949767373179352	-0.05006261743217589	0.6339356358172399	0.29273093010871276
0	12	102275878	102277121	-0.20639121958357912	0.27713366771714876	-0.05625123448429021	-0.11187585648875883	1.8056062407270237	-0.28652011361883195	-0.42891942650139897	1.3739475223993531	1.1786184870933614	-0.06949767373179352	-0.05006261743217589	-1.7175386173991658	0.29273093010871276
0	3	59022828	59052536	-0.1304509146648283	-0.1481523500635355	0.34243337898525067	0.2201023196716569	0.4944275462109018	-0.28652011361883195	0.8124434029435508	0.16948951517712368	0.044060785875900316	-0.06949767373179352	-0.05006261743217589	0.3964769459138733	0.29273093010871276
0	10	6976973	6987503	0.36818466915500286	0.3915078173492202	-0.05108405056540591	-0.1358608239112811	-0.5514370036566714	-0.28652011361883195	-0.42891942650139897	-0.7089466203655337	-0.8186225764150724	-0.06949767373179352	-0.05006261743217589	0.6339356358172399	0.29273093010871276
0	7	125558483	125598974	-0.20464878251379023	0.40137466622566276	-0.17528230817375934	-0.1142856197497124	-0.5514370036566714	-0.28652011361883195	-0.42891942650139897	-0.7089466203655337	-0.8186225764150724	-0.06086137862119022	-0.05006261743217589	0.6339356358172399	0.29273093010871276
0	16	77523358	77683773	-0.17877033611003243	0.3385587318915108	0.034096002217678646	-0.12382859352777816	-0.5514370036566714	-0.28652011361883195	-0.42891942650139897	-0.7089466203655337	-0.8186225764150724	-0.03679884020717347	-0.05006261743217589	0.6134134654809063	-0.6444766854682775
0	1	153831851	153841494	0.3233986565244572	0.49795289327248166	-0.391930953071699	-0.12353242017359216	-0.5514370036566714	-0.28652011361883195	2.4118144309281626	-0.7089466203655337	1.1786184870933614	-0.06949767373179352	-0.05006261743217589	-1.7175386173991658	0.29273093010871276
0	11	4807560	4911702	-0.3547075581864477	0.3458350733581476	-0.06063675629553093	-0.12312504562364822	1.9741313698553387	-0.28330852735345874	2.415660559040716	-0.6057439377142806	1.1786184870933614	-0.0450919061971304	-0.05006261743217589	0.6294197358859609	0.29273093010871276
0	6	140791908	140793825	-0.6282839724898053	0.37079346955250736	-0.36216871727386535	-0.12123744391815122	-0.5514370036566714	-0.28652011361883195	-0.42891942650139897	-0.7089466203655337	-0.8186225764150724	-0.06949767373179352	-0.05006261743217589	0.6339356358172399	0.29273093010871276
0	12	97811612	97816575	-0.2973529686600498	0.3821415473107344	-0.16510770787976284	-0.13025875897108677	-0.5514370036566714	-0.28652011361883195	-0.42891942650139897	-0.7089466203655337	-0.8186225764150724	-0.06949767373179352	-0.05006261743217589	0.6339356358172399	0.29273093010871276
0	22	38955892	38964805	-0.11255429170249862	0.5070216432142092	0.0012410571797279357	-0.1095229061622762	0.5145611247075914	-0.28652011361883195	-0.2555368147610557	1.2468192363380834	1.1786184870933614	-0.06949767373179352	-0.05006261743217589	0.6339356358172399	0.29273093010871276
0	1	17868275	17869946	2.3438135112668586	0.4003812429579539	-0.4202336278951244	-0.06695918537235927	1.8056062407270237	-0.28652011361883195	2.4118144309281626	-0.7089466203655337	1.1786184870933614	-0.06949767373179352	-0.05006261743217589	0.6339356358172399	0.29273093010871276
0	10	25115483	25121163	-0.5482633715959512	0.1220235162024811	-0.2266297101898545	-0.1318640413512063	-0.5514370036566714	-0.28652011361883195	-0.42891942650139897	-0.7089466203655337	-0.8186225764150724	-0.06949767373179352	-0.05006261743217589	0.5051841406147219	0.29273093010871276
0	12	30348844	30349948	0.1687189741443713	-0.26672875008385705	0.15509605568769522	-0.10812237707131933	-0.5514370036566714	-0.28652011361883195	-0.42891942650139897	-0.7089466203655337	-0.8186225764150724	-0.06949767373179352	-0.05006261743217589	0.6339356358172399	0.29273093010871276
0	10	54998746	55088863	-0.24907795637909394	0.3500084668880953	-0.08168399946042947	-0.12118200949368343	-0.5514370036566714	-0.28652011361883195	-0.42891942650139897	-0.7089466203655337	-0.8186225764150724	-0.06949767373179352	-0.05006261743217589	0.6339356358172399	0.29273093010871276
0	3	88565701	88566529	-0.4132160046512304	0.48548271986315084	-0.5525972631564346	-0.1229398610612183	-0.5514370036566714	-0.28652011361883195	-0.42891942650139897	-0.7089466203655337	-0.8186225764150724	-0.06949767373179352	-0.05006261743217589	0.6339356358172399	0.29273093010871276
0	11	99732616	99735785	-0.27942261143763886	0.39740211549091	-0.18994672025965492	-0.1164733487951255	-0.5514370036566714	-0.28652011361883195	-0.42891942650139897	1.3739475223993531	1.1786184870933614	-0.06949767373179352	-0.05006261743217589	0.6339356358172399	0.29273093010871276
0	19	13626197	13628702	1.2923234028326491	0.40472848728035665	0.13868909307439686	-0.13687765436990232	1.8056062407270237	3.7922727747780156	2.4118144309281626	1.3739475223993531	1.1786184870933614	-0.06949767373179352	-0.05006261743217589	0.6339356358172399	0.29273093010871276
0	12	60745707	60757087	-0.4923523970704266	0.20746456160398855	-0.2035705491590943	-0.13130086831886525	-0.5514370036566714	-0.28652011361883195	-0.42891942650139897	-0.7089466203655337	-0.8186225764150724	-0.06949767373179352	-0.05006261743217589	0.6339356358172399	0.29273093010871276
0	1	121141175	121170321	-0.29479953791173247	-0.233065176780789	-0.3223814542004942	0.021242474491100838	-0.5514370036566714	-0.28652011361883195	-0.42891942650139897	-0.7089466203655337	-0.8186225764150724	-0.05603656007449641	-0.05006261743217589	0.6339356358172399	0.29273093010871276
0	9	82475488	82475832	-0.7610832395909323	0.6144237317163475	-0.44296493683353816	-0.15334893346442455	-0.5514370036566714	-0.28652011361883195	-0.42891942650139897	-0.7089466203655337	-0.8186225764150724	-0.06949767373179352	-0.05006261743217589	0.6339356358172399	0.29273093010871276
0	7	41132962	41133419	-0.6296101074805139	0.5169390155267217	-0.31208441885746097	-0.12644694658263816	-0.5514370036566714	-0.28652011361883195	-0.42891942650139897	-0.7089466203655337	-0.8186225764150724	-0.06949767373179352	-0.05006261743217589	0.6339356358172399	0.29273093010871276
0	8	9479186	9484496	-0.25566271156237147	0.19565091755586542	0.06665195228346704	-0.11033910397469644	1.8056062407270237	3.7922727747780156	-0.42891942650139897	1.3739475223993531	1.1786184870933614	-0.06949767373179352	-0.05006261743217589	-1.7175386173991658	0.29273093010871276
0	14	48407561	48408840	-0.11521785937851212	0.5244518516704609	-0.010824810383435296	-0.1205143912829501	-0.5514370036566714	-0.28652011361883195	-0.42891942650139897	-0.7089466203655337	-0.8186225764150724	-0.06949767373179352	-0.05006261743217589	0.6339356358172399	0.29273093010871276
0	15	51119982	51125407	-0.1048047887104784	0.5079932294267147	-0.009703912203893455	-0.11862813483211188	-0.5514370036566714	-0.28652011361883195	-0.42891942650139897	-0.7089466203655337	-0.8186225764150724	-0.06949767373179352	-0.05006261743217589	0.6339356358172399	0.29273093010871276
0	17	27389313	27393469	2.5106946820050537	0.39305493250268814	0.4476014863949991	-0.1253916478410723	-0.5514370036566714	-0.28652011361883195	-0.42891942650139897	-0.7089466203655337	-0.8186225764150724	-0.030505254419451688	-0.05006261743217589	0.6339356358172399	0.29273093010871276
0	2	152243679	152257745	-0.42812449492286014	0.5653972039364261	-0.37980378996212677	-0.12088965704192593	-0.5514370036566714	-0.28652011361883195	-0.42891942650139897	-0.7089466203655337	-0.8186225764150724	0.021456527886569918	-0.05006261743217589	0.567065900193284	0.29273093010871276
0	19	57508485	57509952	-0.5004293117789632	0.06227762269270755	-0.1334639632631194	-0.1059157465506945	-0.5514370036566714	-0.28652011361883195	-0.42891942650139897	-0.7089466203655337	-0.8186225764150724	-0.06949767373179352	-0.05006261743217589	0.6339356358172399	0.29273093010871276
0	13	68397289	68397946	-0.20400121114960812	0.816261866991331	-0.14357810281421327	-0.12182102642751332	-0.5514370036566714	-0.28652011361883195	-0.42891942650139897	-0.7089466203655337	-0.8186225764150724	-0.06949767373179352	-0.05006261743217589	0.6339356358172399	0.29273093010871276
0	5	146485307	146487201	-0.3270216260421039	0.37311638175590833	-0.39425471778552407	-0.12553230926646095	-0.5514370036566714	-0.28652011361883195	-0.42891942650139897	-0.7089466203655337	-0.8186225764150724	-0.06949767373179352	-0.05006261743217589	0.6339356358172399	0.29273093010871276
0	X	98785810	98787896	-0.6066768412169491	0.40612191299939976	-0.4820878630175201	-0.13401667131547754	-0.5514370036566714	-0.28652011361883195	-0.42891942650139897	-0.7089466203655337	-0.8186225764150724	-0.06949767373179352	-0.05006261743217589	0.6339356358172399	0.29273093010871276
0	2	47138761	47140746	-0.23356270336451637	0.5495473997902101	-0.3929633389034657	-0.11751022097356924	1.8056062407270237	-0.28652011361883195	2.4118144309281626	1.3739475223993531	1.1786184870933614	-0.06949767373179352	-0.05006261743217589	-1.7175386173991658	0.29273093010871276
0	20	52240637	52241370	2.8659749577830405	0.39448008795089695	1.4284203698279638	-0.13409662975039005	-0.5514370036566714	-0.28652011361883195	-0.42891942650139897	-0.7089466203655337	-0.8186225764150724	0.6984684817717784	-0.05006261743217589	-1.7175386173991658	0.29273093010871276
0	16	74224413	74225883	-0.38494659485466937	0.17187850022615725	0.01110504086424142	-0.1194219028206378	-0.5514370036566714	-0.28652011361883195	-0.42891942650139897	-0.7089466203655337	-0.8186225764150724	-0.06949767373179352	-0.05006261743217589	0.6339356358172399	0.29273093010871276
0	1	203790503	203793507	-0.4751905632296187	0.49345445054329645	-0.547210226830764	-0.10717363674943561	-0.5514370036566714	-0.28652011361883195	-0.42891942650139897	1.3739475223993531	1.1786184870933614	-0.06949767373179352	-0.05006261743217589	-1.7175386173991658	0.29273093010871276
0	8	51992875	51995707	-0.49987360787945667	0.6227017650897634	-0.201477172667299	-0.13052118975221422	-0.5514370036566714	-0.28652011361883195	-0.42891942650139897	-0.7089466203655337	-0.8186225764150724	-0.06949767373179352	-0.05006261743217589	0.6339356358172399	0.29273093010871276
0	17	2533554	2534210	0.6528218304562753	0.08108109065643727	-0.0024292601374172667	-0.11149420721190867	1.8056062407270237	-0.28652011361883195	2.4118144309281626	-0.7089466203655337	1.1786184870933614	-0.06949767373179352	-0.05006261743217589	-1.7175386173991658	0.29273093010871276
0	10	102288069	102291404	1.2605719256859764	-2.150990555560833	4.983128673521019	9.10727386470579	3.0325408950748787	-0.28652011361883195	3.215056418201349	0.25224500953406465	0.9773971985359899	-0.01323388642703415	-0.05006261743217589	-1.7175386173991658	0.29273093010871276
0	3	194398762	194400296	-0.39063444988987545	0.3561100617100254	-0.5571164434689273	-0.13779194301578954	-0.5514370036566714	-0.28652011361883195	-0.42891942650139897	-0.7089466203655337	-0.8186225764150724	-0.06949767373179352	-0.05006261743217589	-1.7175386173991658	0.29273093010871276
0	11	101444635	101445461	-0.22182215074754105	-0.3261882766709285	0.25486736185817915	-0.12901820716986573	-0.5514370036566714	-0.28652011361883195	-0.42891942650139897	1.3739475223993531	1.1786184870933614	-0.06949767373179352	-0.05006261743217589	0.6339356358172399	0.29273093010871276
0	17	4468512	4470067	0.6549927539291824	-1.0517176588348602	9.295316398404156	-0.11412903423117599	0.35954884192184994	-0.28652011361883195	-0.42891942650139897	-0.7089466203655337	-0.8186225764150724	-0.06949767373179352	-0.05006261743217589	-1.7175386173991658	0.29273093010871276
0	2	5593658	5604746	0.4285989485631765	0.31702974825742475	-0.29782242318345564	-0.11963588855969429	-0.5514370036566714	-0.28652011361883195	-0.42891942650139897	-0.7089466203655337	-0.8186225764150724	-0.06949767373179352	-0.05006261743217589	0.6339356358172399	0.29273093010871276
0	1	225745284	225748699	-0.37251996683819666	0.44964662442404957	-0.3562538553291571	-0.10419429585980002	-0.5514370036566714	-0.28652011361883195	-0.42891942650139897	1.3739475223993531	1.1786184870933614	-0.06949767373179352	-0.05006261743217589	0.6339356358172399	0.29273093010871276
0	3	185857384	185859055	-0.6031559628121907	0.47907533311320255	-0.3113631102629429	-0.11986038352576664	-0.5514370036566714	-0.28652011361883195	-0.42891942650139897	-0.7089466203655337	-0.8186225764150724	-0.06949767373179352	-0.05006261743217589	0.6339356358172399	0.29273093010871276
0	16	9961956	9966584	-0.2718405730555011	0.4524569781526923	-0.0676292844176174	-0.12424533790985959	-0.5514370036566714	-0.28652011361883195	-0.42891942650139897	1.3739475223993531	1.1786184870933614	-0.06949767373179352	-0.05006261743217589	0.6339356358172399	0.29273093010871276
0	2	111883196	111886130	-0.35553631683901615	0.47782705079823884	-0.35000342788811856	-0.11927996860326393	1.6296715200317173	-0.28652011361883195	-0.42891942650139897	1.3739475223993531	1.1786184870933614	-0.06949767373179352	-0.05006261743217589	-1.7175386173991658	0.29273093010871276
0	5	17651003	17796720	-0.38223239423933	0.3734285031255951	-0.48264370364316744	-0.12460395661691184	-0.5514370036566714	-0.28652011361883195	-0.42891942650139897	-0.7089466203655337	-0.8186225764150724	-0.05287464181880549	-0.05006261743217589	0.5610758716629405	0.29273093010871276
0	9	8152608	8152712	-0.4296775881522561	-3.414970603970106	0.2503876784010225	-0.13365587848575297	-0.5514370036566714	-0.28652011361883195	-0.42891942650139897	-0.7089466203655337	-0.8186225764150724	-0.06949767373179352	-0.05006261743217589	0.6339356358172399	0.29273093010871276
0	17	80407483	80408431	3.255475846847191	-2.0276492218822315	1.5107831757672203	9.955333939475327	1.8056062407270237	-0.28652011361883195	2.4118144309281626	-0.7089466203655337	1.1786184870933614	-0.06949767373179352	-0.05006261743217589	-1.7175386173991658	0.29273093010871276
0	1	19647187	19648342	-0.4929239721032001	0.39916130013809364	-0.44386972673439884	-0.12154913829282099	1.8056062407270237	-0.28652011361883195	-0.42891942650139897	1.3739475223993531	1.1786184870933614	-0.06949767373179352	-0.05006261743217589	-1.7175386173991658	0.29273093010871276
0	11	12091682	12096715	-0.6341613395577143	0.2993495518403898	-0.03988857371944966	-0.1386648525015674	-0.5514370036566714	-0.28652011361883195	-0.42891942650139897	-0.7089466203655337	-0.8186225764150724	0.0033714664741107676	-0.05006261743217589	0.6339356358172399	0.29273093010871276
0	7	56493670	56496850	-0.5892984575519681	0.33405073664941476	-0.43808861685854283	-0.1336401354456421	-0.5514370036566714	-0.28652011361883195	-0.42891942650139897	-0.7089466203655337	-0.8186225764150724	-0.06949767373179352	-0.05006261743217589	0.6339356358172399	0.29273093010871276
0	2	95706333	95707429	-0.3866580238506621	0.03689916573934902	0.13657094684167453	-0.1334694947735427	-0.5514370036566714	-0.28652011361883195	-0.42891942650139897	1.3739475223993531	1.1786184870933614	-0.06949767373179352	-0.05006261743217589	-1.7175386173991658	0.29273093010871276
0	6	19685573	19686511	-0.5021411199936265	0.7065814057787538	-0.2886625695414831	-0.12898903232260286	-0.5514370036566714	-0.28652011361883195	-0.42891942650139897	-0.7089466203655337	-0.8186225764150724	-0.06949767373179352	-0.05006261743217589	0.6339356358172399	0.29273093010871276
0	12	10995065	10995658	0.18174002344732934	0.2962287232045439	0.02007832868870942	-0.10083202361811877	-0.5514370036566714	-0.28652011361883195	-0.42891942650139897	-0.7089466203655337	-0.8186225764150724	-0.06949767373179352	-0.05006261743217589	0.6339356358172399	0.29273093010871276
0	1	238840119	238883317	-0.4582214781131681	0.4158930555766163	-0.49009186747452815	-0.1256363798531891	-0.5514370036566714	-0.28652011361883195	-0.42891942650139897	-0.7089466203655337	-0.8186225764150724	-0.01026521852720509	-0.05006261743217589	0.6339356358172399	0.29273093010871276
0	2	40642778	40655158	-0.4471950251200225	0.3114025231032052	-0.5063457233321723	-0.12793160425212954	-0.5514370036566714	-0.28652011361883195	-0.42891942650139897	1.3739475223993531	1.1786184870933614	0.03384334403588854	-0.05006261743217589	0.6339356358172399	0.29273093010871276
0	2	59331918	59342511	-0.44300615393779624	0.3857963910257347	-0.40538106883045155	-0.13262146181539816	-0.5514370036566714	-0.28652011361883195	-0.42891942650139897	-0.7089466203655337	-0.8186225764150724	-0.06949767373179352	-0.05006261743217589	0.6339356358172399	0.29273093010871276
0	2	67319127	67334496	-0.4670355117006167	0.4111496796601804	-0.5461113791417623	-0.12655782859591166	-0.5514370036566714	-0.28652011361883195	-0.42891942650139897	-0.7089466203655337	-0.8186225764150724	-0.06949767373179352	-0.05006261743217589	0.6339356358172399	0.29273093010871276
0	11	12543450	12545178	0.05274601651134527	0.08141991138580185	0.9389186712061273	-0.12240869912469793	-0.5514370036566714	3.7922727747780156	-0.42891942650139897	1.3739475223993531	1.1786184870933614	-0.06949767373179352	-0.05006261743217589	0.6339356358172399	0.29273093010871276
0	1	157540655	157540871	-0.8110935968502608	0.6947465536724151	-0.17643356648473718	-0.15000328022041362	-0.5514370036566714	-0.28652011361883195	-0.42891942650139897	-0.7089466203655337	-0.8186225764150724	-0.06949767373179352	-0.05006261743217589	0.6339356358172399	0.29273093010871276
0	2	163934121	163935798	1.1887523395748232	-0.12727271939754314	-0.20929898721817064	-0.05628097563363829	-0.5514370036566714	-0.28652011361883195	-0.42891942650139897	-0.7089466203655337	-0.8186225764150724	-0.06949767373179352	-0.05006261743217589	0.6339356358172399	0.29273093010871276
0	17	2693697	2696732	0.2514226289321131	0.16490783743016554	0.2777312156764915	-0.13778402890833827	1.8056062407270237	-0.28652011361883195	2.4118144309281626	-0.7089466203655337	1.1786184870933614	-0.06949767373179352	-0.05006261743217589	-1.4440393055753138	0.29273093010871276
0	2	149960423	149970626	-0.5088289162412127	0.4096661542864461	-0.599295929428216	-0.125652513454494	1.8056062407270237	-0.28652011361883195	2.4118144309281626	-0.7089466203655337	1.1786184870933614	-0.06949767373179352	-0.05006261743217589	0.5878418545133804	0.29273093010871276
0	4	127519528	127569887	-0.38065124380493726	0.40889900343869234	-0.4526809856958793	-0.12042390183033591	-0.5514370036566714	-0.28652011361883195	-0.42891942650139897	-0.7089466203655337	-0.8186225764150724	-0.04239918911875193	-0.05006261743217589	0.6339356358172399	0.25750311613498783
0	21	30560381	30561536	-0.3603024483141968	0.5539745085410599	-0.3043583425334554	-0.11802064613905262	-0.5514370036566714	-0.28652011361883195	-0.42891942650139897	-0.7089466203655337	-0.8186225764150724	-0.06949767373179352	-0.05006261743217589	0.6339356358172399	0.29273093010871276
0	18	20054141	20067271	-0.4171607268982655	0.34228684267408255	-0.10080063084202029	-0.12906776694973218	-0.5514370036566714	-0.28652011361883195	-0.42891942650139897	-0.7089466203655337	-0.8186225764150724	-0.06430097690533448	-0.05006261743217589	0.6339356358172399	0.29273093010871276
0	12	104597022	104644702	0.010308878215385757	0.02118341869331458	0.4197415309856873	0.019054241777559256	1.2754198146361024	-0.28652011361883195	1.6650493686584031	0.8253530457877455	0.6487715447209164	0.022805274923320403	-0.05006261743217589	0.19007514338964668	0.29273093010871276
0	1	21437150	21443545	-0.247848257265314	0.5249226697425798	-0.4368272556585113	-0.12944306225474217	1.8056062407270237	-0.28652011361883195	2.4118144309281626	-0.7089466203655337	1.1786184870933614	-0.06949767373179352	-0.05006261743217589	-1.7175386173991658	0.29273093010871276
0	13	73847728	73857221	-0.34981236996785087	0.35510275269106933	0.12164112199769145	-0.11824089562977548	-0.5514370036566714	-0.28652011361883195	-0.42891942650139897	-0.7089466203655337	-0.8186225764150724	-0.04883309885264108	-0.05006261743217589	0.6339356358172399	0.29273093010871276
0	13	55970790	56035083	-0.10474103902846063	0.3204568098036505	0.04803820382941604	-0.11535046092454372	-0.5514370036566714	-0.28652011361883195	-0.42891942650139897	-0.7089466203655337	-0.8186225764150724	-0.06949767373179352	-0.05006261743217589	0.6339356358172399	-3.4658230612108603
0	2	58688824	58691324	-0.46729084837788565	0.5824312028116927	-0.4512805841927574	-0.122555026645692	-0.5514370036566714	-0.28652011361883195	-0.42891942650139897	-0.7089466203655337	-0.8186225764150724	-0.06949767373179352	-0.05006261743217589	0.6339356358172399	0.29273093010871276
0	3	7905946	7906150	-0.5612615900344473	-3.414970603970106	-0.6731481739621396	-0.14432734309086903	-0.5514370036566714	-0.28652011361883195	-0.42891942650139897	-0.7089466203655337	-0.8186225764150724	-0.06949767373179352	-0.05006261743217589	0.6339356358172399	0.29273093010871276
0	4	64091087	64091241	-0.80873039884282	0.8907265038306942	-0.12922790990966326	-0.13750665912036084	-0.5514370036566714	-0.28652011361883195	-0.42891942650139897	-0.7089466203655337	-0.8186225764150724	-0.06949767373179352	-0.05006261743217589	0.6339356358172399	0.29273093010871276
0	8	92665401	92665595	-0.6483438076576863	0.4602671310245773	-0.554191218074397	-0.1450424284577381	-0.5514370036566714	-0.28652011361883195	-0.42891942650139897	-0.7089466203655337	-0.8186225764150724	-0.06949767373179352	-0.05006261743217589	0.6339356358172399	0.29273093010871276
0	3	186094727	186096799	-0.24401852909799585	0.4986685197981053	-0.4737201834441913	-0.12682840266187068	-0.5514370036566714	-0.28652011361883195	-0.42891942650139897	-0.7089466203655337	-0.8186225764150724	-0.06949767373179352	-0.05006261743217589	0.6339356358172399	0.29273093010871276
0	2	46705265	46706907	-0.28938115240582196	0.3308715680322797	-0.29669256936124294	-0.11245125894600522	1.8056062407270237	-0.28652011361883195	-0.42891942650139897	-0.47680920981378333	-0.7383437029731986	-0.06949767373179352	-0.05006261743217589	0.6339356358172399	0.29273093010871276
0	11	40774804	40796039	-0.5190581326050462	0.4228034941435186	-0.27618832172387653	-0.11617544592895315	1.8056062407270237	-0.28652011361883195	2.4118144309281626	-0.7089466203655337	1.1786184870933614	-0.06949767373179352	-0.05006261743217589	0.6339356358172399	0.29273093010871276
0	6	7984382	7987235	-0.285152034463136	0.48296996458358576	-0.4213449817914465	-0.11931879645173975	1.8056062407270237	-0.28652011361883195	-0.42891942650139897	1.3739475223993531	1.1786184870933614	-0.06949767373179352	-0.05006261743217589	0.6339356358172399	0.29273093010871276
0	4	152161353	152163154	-0.23474981620439891	0.25509384284118175	-0.46588853868242147	-0.1333409911691914	-0.5514370036566714	-0.28652011361883195	-0.42891942650139897	-0.7089466203655337	-0.8186225764150724	-0.06949767373179352	-0.05006261743217589	0.6339356358172399	0.29273093010871276
0	13	28669631	28670811	-0.4493926199648961	0.09573321156899064	0.14991592817754118	-0.14518587719431236	-0.5514370036566714	-0.28652011361883195	-0.42891942650139897	1.3739475223993531	1.1786184870933614	-0.06949767373179352	-0.05006261743217589	0.6339356358172399	0.29273093010871276
0	3	155037216	155052753	-0.17177976681102	0.276904372705987	0.286791163511379	-0.13098373464330035	-0.5514370036566714	-0.28652011361883195	-0.42891942650139897	-0.7089466203655337	-0.8186225764150724	-0.01460240008549128	-0.05006261743217589	0.3846675599308126	-2.7923459220054996
0	8	3518052	3519166	1.963349962243255	0.1121228819700713	0.7644145232484234	-0.1323284596853547	1.8056062407270237	-0.28652011361883195	-0.42891942650139897	1.3739475223993531	1.1786184870933614	-0.06949767373179352	-0.05006261743217589	0.33841822517963055	0.29273093010871276
0	14	46425917	46698338	-0.44680703172036484	0.3593814694220538	-0.15987850557061356	-0.12299314718898939	-0.5514370036566714	-0.28652011361883195	-0.42891942650139897	-0.7089466203655337	-0.8186225764150724	-0.06442570518325665	-0.05006261743217589	0.6132193980539274	0.29273093010871276
0	1	154157587	154161373	2.4131114642929323	0.18632631882815215	1.8174986041327013	-0.021092461092600163	1.8056062407270237	-0.28652011361883195	2.4118144309281626	1.3739475223993531	1.1786184870933614	0.4373810108814813	-0.05006261743217589	-1.1032734202435859	-3.4658230612108603
0	3	93954860	93958526	-0.6774622821605877	0.2305622483749721	-0.5056833866859234	-0.13611837611962524	-0.5514370036566714	-0.28652011361883195	-0.42891942650139897	-0.7089466203655337	-0.8186225764150724	-0.06949767373179352	-0.05006261743217589	0.6339356358172399	0.29273093010871276
0	18	35825519	35838194	0.05498177864817675	0.049903605295592596	-0.08659570114186133	-0.11022337752923443	-0.5514370036566714	-0.28652011361883195	-0.42891942650139897	-0.7089466203655337	-0.8186225764150724	-0.06949767373179352	-0.05006261743217589	0.6339356358172399	0.29273093010871276
0	18	33585202	33589205	-0.46774524208059537	0.4725947044799046	0.10313620444763948	-0.1265393646228272	1.8056062407270237	3.7922727747780156	-0.42891942650139897	1.3739475223993531	1.1786184870933614	-0.06949767373179352	-0.05006261743217589	0.6339356358172399	0.29273093010871276
0	1	228846837	228855752	-0.5203022654648289	0.35978475277868327	-0.48380449652000146	-0.12794489592024655	-0.5514370036566714	-0.28652011361883195	-0.42891942650139897	-0.7089466203655337	-0.8186225764150724	-0.06949767373179352	-0.05006261743217589	0.6339356358172399	0.29273093010871276
0	6	136569528	136570778	0.2700283447410487	-1.0613130192173585	-0.4157280399255087	1.9960300919220386	1.8056062407270237	-0.28652011361883195	0.8005501869941153	0.47247093741071017	1.1786184870933614	-0.06949767373179352	-0.05006261743217589	-1.7175386173991658	-3.4658230612108603
0	17	48844118	48844503	-0.5480321944329627	0.445806709669256	0.71417066955611	-0.09880988411038587	-0.5514370036566714	-0.28652011361883195	-0.42891942650139897	-0.7089466203655337	-0.8186225764150724	-0.06949767373179352	-0.05006261743217589	-1.7175386173991658	0.29273093010871276
0	X	148803850	148831837	-0.604601631287392	0.19582975074430342	-0.5162920312709175	-0.14026867063457135	-0.5514370036566714	-0.28652011361883195	-0.42891942650139897	-0.7089466203655337	-0.8186225764150724	-0.06949767373179352	-0.05006261743217589	0.588816770845031	-3.4658230612108603
0	11	132566389	132575348	-0.17281212850750566	0.31767832942313334	-0.13434593249341006	-0.11852708486725327	-0.5514370036566714	-0.28652011361883195	-0.42891942650139897	1.3739475223993531	1.1786184870933614	-0.06949767373179352	-0.05006261743217589	0.6339356358172399	0.29273093010871276
0	8	134359568	134360174	-0.6779631129908303	-0.31394987163193383	-0.1610095927939974	-0.10809291086034345	-0.5514370036566714	-0.28652011361883195	-0.42891942650139897	-0.7089466203655337	-0.8186225764150724	-0.06949767373179352	-0.05006261743217589	0.6339356358172399	0.29273093010871276
0	8	6643191	6655048	-0.4395071582289026	0.2937371734345012	0.15288354449234337	-0.13195809867593927	-0.5514370036566714	-0.28652011361883195	-0.42891942650139897	-0.7089466203655337	-0.8186225764150724	-0.06949767373179352	-0.05006261743217589	0.594470056295433	0.29273093010871276
0	5	116755975	116756544	-0.3906055112032551	-3.414970603970106	-0.6078429920918605	-0.10025086203297133	-0.5514370036566714	-0.28652011361883195	-0.42891942650139897	-0.7089466203655337	-0.8186225764150724	-0.06949767373179352	-0.05006261743217589	0.6339356358172399	-3.4658230612108603
0	14	75039323	75042689	1.2181710374603978	0.13994330782689732	0.962693640530896	-0.1268614666693545	1.8056062407270237	-0.28652011361883195	-0.42891942650139897	1.3739475223993531	1.1786184870933614	-0.06949767373179352	-0.05006261743217589	0.35449722188778	-3.4658230612108603
0	21	35696523	35696643	-0.830610369454143	-3.414970603970106	0.24192642191939348	-0.15021802361111208	-0.5514370036566714	-0.28652011361883195	-0.42891942650139897	-0.7089466203655337	-0.8186225764150724	-0.06949767373179352	-0.05006261743217589	0.6339356358172399	0.29273093010871276
0	12	75025512	75028885	-0.6013001960131141	0.543233066198642	-0.31174709733399014	-0.11509429382676442	-0.5514370036566714	-0.28652011361883195	-0.42891942650139897	-0.7089466203655337	-0.8186225764150724	-0.06949767373179352	-0.05006261743217589	0.6339356358172399	-3.4658230612108603
0	12	121535791	121542362	-0.46101227882207585	0.3027219054737169	-0.04345531039268249	-0.10464096370922055	-0.5514370036566714	-0.28652011361883195	-0.42891942650139897	-0.7089466203655337	-0.8186225764150724	-0.06949767373179352	-0.05006261743217589	0.6339356358172399	0.29273093010871276
0	1	48352571	48353250	0.024154242982156255	-0.8189204883828198	-0.4555700749956959	-0.14096289127571926	-0.5514370036566714	-0.28652011361883195	-0.42891942650139897	1.3739475223993531	1.1786184870933614	-0.06949767373179352	-0.05006261743217589	0.6339356358172399	0.29273093010871276
0	9	28507830	28644878	-0.37376100028445663	0.39088689376254926	-0.1353458631588917	-0.12535438208669916	1.8056062407270237	-0.28652011361883195	2.4118144309281626	-0.7089466203655337	1.1786184870933614	-0.041492263949150225	-0.05006261743217589	0.6305040290032532	0.29273093010871276
0	16	74138685	74140754	0.22368801116404893	0.29589137486448075	0.07891774321000516	-0.12458647195357926	-0.5514370036566714	-0.28652011361883195	-0.42891942650139897	-0.7089466203655337	-0.8186225764150724	-0.06949767373179352	-0.05006261743217589	0.6339356358172399	0.29273093010871276
0	1	234086934	234087823	-0.6807382661901871	0.4079168281771569	-0.3877331624699192	-0.12673197958264473	1.8056062407270237	-0.28652011361883195	2.4118144309281626	1.3739475223993531	1.1786184870933614	-0.06949767373179352	-0.05006261743217589	0.6339356358172399	0.29273093010871276
0	14	70787842	70789134	-0.5371449399359055	0.3961983327691006	-0.3285182677667307	-0.13700908382658172	-0.5514370036566714	-0.28652011361883195	-0.42891942650139897	-0.7089466203655337	-0.8186225764150724	-0.06949767373179352	-0.05006261743217589	-1.7175386173991658	0.29273093010871276
0	9	9898128	9919575	-0.24533159139821845	0.24028161617198168	0.10644013757275454	-0.11805310925747489	1.8056062407270237	-0.28652011361883195	2.4118144309281626	-0.7089466203655337	1.1786184870933614	-0.06949767373179352	-0.05006261743217589	0.6339356358172399	0.29273093010871276
0	1	222374169	222380531	-0.5726290313823185	0.02909140236668779	-0.6116753508947346	-0.1345335676390212	-0.5514370036566714	-0.28652011361883195	-0.42891942650139897	-0.7089466203655337	-0.8186225764150724	-0.06949767373179352	-0.05006261743217589	0.6339356358172399	0.29273093010871276
0	5	161585512	161585660	-0.09551623550949084	-3.414970603970106	-0.5678827724569235	-0.13512982119050385	-0.5514370036566714	-0.28652011361883195	-0.42891942650139897	-0.7089466203655337	-0.8186225764150724	-0.06949767373179352	-0.05006261743217589	0.6339356358172399	0.29273093010871276
0	12	80442260	80442515	-0.18536761422200107	0.3122184168144304	-0.2147451956716382	-0.12497713113538024	-0.5514370036566714	-0.28652011361883195	-0.42891942650139897	-0.7089466203655337	-0.8186225764150724	-0.06949767373179352	-0.05006261743217589	0.6339356358172399	0.29273093010871276
0	X	93487027	93488017	-0.5170655994795074	0.37937449592558276	-0.27680890537912367	-0.12164736235713629	-0.5514370036566714	-0.28652011361883195	-0.42891942650139897	-0.7089466203655337	-0.8186225764150724	-0.06949767373179352	-0.05006261743217589	0.6339356358172399	0.29273093010871276
0	4	71799331	71800240	-0.1204781012938509	0.43686838399769023	-0.43861792598339827	-0.10210170432952749	-0.5514370036566714	-0.28652011361883195	2.4118144309281626	1.3739475223993531	1.1786184870933614	-0.06949767373179352	-0.05006261743217589	-1.7175386173991658	0.29273093010871276
0	7	109452956	109463483	-0.45387947146374213	0.3591484189871526	-0.21792744469807163	-0.12655462360317263	-0.5514370036566714	-0.28652011361883195	-0.42891942650139897	-0.7089466203655337	-0.8186225764150724	-0.06949767373179352	-0.05006261743217589	0.6339356358172399	0.29273093010871276
0	8	62850069	62861079	0.08771618193618505	0.36739219909740023	0.019724485871215745	-0.10655130818461159	-0.5514370036566714	-0.28652011361883195	-0.42891942650139897	-0.7089466203655337	-0.8186225764150724	-0.06949767373179352	-0.05006261743217589	0.6339356358172399	0.29273093010871276
0	X	66483120	66484333	-0.42025464600401746	0.6532866381194237	-0.6216583396872376	-0.1214593600816292	-0.5514370036566714	-0.28652011361883195	-0.42891942650139897	-0.7089466203655337	-0.8186225764150724	-0.06949767373179352	-0.05006261743217589	0.6339356358172399	0.29273093010871276
0	2	57549190	57553493	-0.6166074121662175	0.45601728746298126	-0.5240239930623618	-0.12017941323345425	-0.5514370036566714	-0.28652011361883195	-0.42891942650139897	-0.7089466203655337	-0.8186225764150724	-0.06949767373179352	-0.05006261743217589	0.6339356358172399	0.29273093010871276
