chromosome	start	end
15	22770420	28660038
11	67799159	71304541
22	21465660	23810042
19	13386643	13387962
7	72722980	74200092
3	150690232	150690796
7	6026383	6027257
16	23614779	23637718
13	32930564	32932066
18	73587459	78009973
2	217374143	227643620
16	14014012	14042214
1	225569873	230554547
17	29103347	30298773
15	31115046	32418220
1	226372824	233008234
16	28363139	29336394
3	81810525	81810668
2	239969863	241818536
3	195762647	197352444
21	44310056	47503155
2	44507130	44571474
9	101786486	112710170
9	14757742	14830372
15	23300237	28520313
2	219946341	226295024
6	140746966	146877424
16	3911794	3954193
10	133222944	135427143
15	72943183	75567198
22	18648865	21465659
3	37081676	37081785
6	162566572	162647608
2	50516549	51259738
16	28820742	29044776
2	175101178	182053573
1	146507648	148545664
3	61890	12575409
16	28721798	29037107
17	68639720	69599915
2	116059642	129828703
12	32955316	32955510
15	32928003	40526026
2	203332221	203379722
17	17234824	19925841
15	48902904	48905309
7	72608513	74386749
6	165539977	170890249
1	146096432	147916499
11	103297732	103368100
1	849465	9683808
5	50092	30112642
13	32903573	32915339
4	170794658	190939340
6	119296179	126034453
2	165173619	169779326
4	68344	20533787
16	23646176	23652484
11	104101410	116680918
5	12572674	17966097
9	98209187	98270649
3	151147203	154836435
20	6713936	7303989
1	220408339	220490046
8	8193727	9810736
19	33321552	33390958
2	47604146	47613758
2	148728325	148851964
16	29674335	30199351
2	32340402	32345423
10	72841	5302166
2	59452132	61848845
15	83214011	84812693
7	94257493	94257691
3	54079044	66046136
16	2100390	2100497
4	72446	7831152
13	108570479	115085141
2	175763575	204806271
16	15521712	16292235
7	152615556	159100212
3	8361811	9437652
7	143839359	159138663
1	218518615	218520399
3	73913	9616678
3	1175042	1234321
6	112511750	118037596
6	131388022	137469640
6	64756069	64780034
13	23552965	27027909
21	14566665	30629529
3	7442622	9492135
5	175346222	177423236
2	110875688	110967529
1	161284189	161332229
4	71551	29006745
1	2043652	2172682
7	54184	1480761
15	32446828	34868996
5	114043257	125843436
12	1332413	1490778
18	2921530	2938035
17	7572916	7591611
1	238575391	241262068
16	21596298	21740200
19	7112265	7249339
21	45821581	47383056
4	5457354	10641840
16	15796990	16317329
16	21939439	22439396
7	16415696	16415886
9	97476173	100883468
17	43593475	44224221
6	64491811	64513698
2	47656880	47657080
16	2098644	2131595
17	14087932	15484858
13	99686620	101869748
16	70646968	72849701
11	35010773	35014686
16	29651598	30199709
16	23649160	23652488
8	1719200	1728753
9	139217995	139460402
5	22148	27788723
15	23615768	28660038
2	198889593	200354118
19	1206902	1226656
19	19308410	19308468
7	134702437	148504492
7	144379981	144380091
2	144746352	145315596
4	49449	2010397
16	219778	232141
9	6644603	6645509
9	70974660	81829792
9	204103	5657733
17	41204255	41227656
7	153605583	159118566
7	69892609	70037666
6	150702374	159974984
15	58088502	62221756
10	81658271	88869584
17	43706885	44138572
15	43891635	43905909
16	29492173	30265941
22	43111155	51183840
10	224405	6251331
22	20030877	20052185
20	8512965	8792352
2	47605090	47627990
15	25582419	25626982
22	18868431	20331055
8	158047	13309069
6	162583324	162732891
6	137166775	137167549
3	70992770	71911040
2	107061483	108455939
22	51096695	51178264
16	29580609	30177240
15	23656735	28520454
4	146118792	150492144
17	41218873	41221990
19	11230757	11231284
17	14087932	15491532
1	156104183	156104329
2	189490489	200615496
1	100684312	100687428
4	175002042	184116691
2	2033725	2832894
7	69053749	69230025
17	41203134	41222944
19	11205051	11217736
2	47666402	47677572
6	164361516	170919482
10	28270059	28275320
3	61890	8173161
1	216251420	216251714
7	143042593	143047767
2	165946639	167143153
4	80707667	86753960
5	113575	14684471
19	11200291	11233849
21	36160097	36171759
11	66294158	66301137
5	22148	11530503
1	779526	4658592
2	148934786	148977722
4	53505184	60850197
22	29091108	29099560
19	1218415	1223171
7	72701017	74141493
17	524	1968434
13	35585790	35687704
6	65558548	65955260
16	89842143	89842229
2	217279417	217281040
2	50847099	50982172
3	1289352	1326840
7	145397036	159089306
15	30730512	32509926
3	37080354	37083368
17	3392518	3402392
20	30947070	31052777
17	34822465	36300466
18	118759	14089409
17	41203134	41277500
9	98156959	99345624
17	41256118	41277500
16	28498756	28503100
4	74718440	77413508
11	5247796	5248524
16	15481919	16388244
16	16248153	16262036
1	217625764	218991703
17	14111771	15482872
4	148842101	149277637
17	29094211	30264505
16	2075885	2138687
15	22765627	28557186
15	31352061	31392141
17	34477384	36404555
15	80703866	83955596
22	22310378	22578581
12	121956482	122990076
22	29083878	29099560
16	89161683	89505106
13	111550456	115107733
13	106450861	115107733
15	32008646	32539611
7	117138366	117159446
8	8079860	11841842
8	100396415	100733295
1	757092	2394455
21	46363552	48080926
16	29673953	30197341
21	15006456	29225300
7	144520632	145949971
4	123871867	123913329
16	85879	754083
4	168772167	173121579
22	21808949	23654222
20	50418797	50418967
7	117246727	117251862
1	146501347	147843733
7	145710113	145814879
9	211085	6106482
9	111631394	111663961
11	31741694	31837838
2	215610439	215617285
16	29674847	30194753
9	203860	11414732
8	54237948	62775577
16	180500	188286
22	22962195	23652512
7	141938234	159126310
13	32950786	32950948
1	110150434	110152453
22	36948422	38065922
7	72650264	74138603
6	65767620	66030608
3	4276013	4643555
17	41197693	41197818
11	47357407	47360310
17	45834	1807652
19	42787041	42795448
11	126069483	134945165
2	26663225	26667244
1	145784610	148519963
7	69330736	69520566
7	73591992	75914797
17	41648245	42839745
4	71465501	71467849
10	57587927	64212007
16	88706523	89596883
15	84884800	85724984
11	67253451	67255013
6	95549950	116684929
20	35579818	35580066
10	131561313	133177605
8	10212	8948469
16	1557662	1561126
6	54128690	56691435
16	10031588	10051402
2	238267143	238269837
8	31007856	31015046
9	213160	17496750
6	164276934	170919482
4	56771	3872380
2	148743943	149131940
2	110873833	110982217
2	238552638	243059659
1	100302512	100319101
15	22784522	28525460
7	117144296	117149206
8	100091911	100198780
17	66525010	66526590
7	146346101	146475758
4	144509996	149435179
6	165329454	171055067
4	1701017	1975031
1	17380436	17380520
4	72446	3563382
9	203860	14744606
7	72507128	74142327
16	23614778	23614990
20	53211426	56765639
15	23683782	28530182
16	46500740	51707107
4	72446	12900236
12	103311315	103315074
1	568707	1283779
18	67082103	78014123
4	124282602	134014299
11	108098341	108100060
4	83319613	87548603
7	72681396	74137354
2	203331912	203338445
5	233592	235455
13	32928991	32932072
15	91354424	91354646
4	81348176	101776598
6	117971548	118218720
12	23979790	24033225
2	146803586	149568729
16	28802396	29051191
17	59853755	59938906
4	2364200	5447465
16	15318663	18778064
12	116622731	116685976
19	11226888	11230767
11	76877091	76888699
9	213160	3497920
2	110871507	110980919
5	112043200	112181937
17	43622196	44201470
16	23614778	23619333
2	203407170	203424670
16	23632672	23652488
1	779732	3404441
9	119397022	119504695
4	82359655	84155605
2	19905994	24762790
7	6012869	6042267
14	58120130	64560246
17	34822465	36351934
19	11211021	11215895
2	47630262	47635694
16	29412502	30215621
22	21081259	24593820
2	236835815	236942661
6	133783901	133785996
13	94703766	109731879
1	146535352	147844809
2	235744423	243007359
15	35287651	40027263
8	128295595	133200773
17	1936752	2901448
16	29592782	30173854
17	41234514	41234588
4	68344	2155022
22	18900667	18923820
11	5247799	5255214
3	171677939	172191359
9	138455645	138458646
2	55797713	60746979
3	37055916	37070429
16	89818535	89883033
7	69955481	70217682
12	120941870	122944265
16	12061687	15256745
9	204103	8266492
2	122582373	129628378
10	104849418	104934725
3	76813410	89732085
10	136360	274777
18	60666928	77967869
1	145311042	147915048
6	65611749	65764521
17	29466685	29490493
11	45873732	46409298
17	29660769	29662293
2	178738796	199390216
10	224405	358626
12	111348622	111348979
7	146947556	159118566
17	1114082	1784979
18	68552595	78015180
16	29647341	30177807
19	1221947	1222005
7	72606408	74285345
8	7268818	11819316
8	8093168	11898980
9	102112197	118529754
6	129512457	132452760
17	29658265	29662293
8	191529	10315994
8	17923370	17932840
19	44015588	44015719
6	145253696	153306499
9	214956	464239
2	203242134	203242334
8	42303396	43002481
4	4428129	17462172
11	44158142	46142690
15	32031011	32509926
11	31210841	35436121
6	161969875	161990458
7	140133024	158982771
4	9927511	9954773
5	130494965	130501051
12	121156588	127984760
3	37045891	37092337
10	46205695	51724915
3	61890	11263288
1	218578500	219446991
6	157286550	157414586
18	59876468	78014123
3	123563318	123618911
16	23646172	23649460
5	148442533	148442737
3	129536085	141143997
4	55064767	63135833
15	22770420	28704050
9	204103	5695507
16	68835562	68835806
18	48584494	48604837
7	103131826	103147955
2	71795070	71797474
1	155294635	155452240
12	66200776	66575257
16	28497647	28497991
18	74347426	78010032
9	304560	464239
3	37086766	37089578
9	71130847	72221020
7	11162118	16518928
4	68344	15197147
15	68521829	68521932
13	101075863	115105020
16	28825480	29076193
1	94402742	94505682
16	28441537	30178406
11	120527020	134938470
9	21994138	21994330
5	113575	17334977
7	135098856	143837312
1	156226285	156651655
15	22652046	28705151
22	18628131	21883879
22	21808949	22905068
7	72718276	74287433
1	240620283	247690417
22	18790221	21697998
17	16772263	20297091
16	14968858	16291983
3	37034541	37050402
10	50666850	50873102
17	77005745	77005899
18	64849942	78077248
17	14110450	15449097
16	88885163	89479566
2	201385683	204430934
17	36091584	36091820
18	66697487	67350193
1	224346183	224409144
17	1277122	1429100
17	14099741	15471179
2	47636780	47638831
1	2761324	8068000
17	3505566	3562685
7	6045516	6045668
17	56774047	56774226
1	714143	2867436
12	122169402	129084163
2	32365294	32374446
1	144368496	148636756
1	145895745	147926347
17	17711737	17748468
5	173376775	174327398
2	50959191	51402934
13	47542214	88034240
17	47438516	48346801
10	103891056	105339973
22	18916841	21465659
10	122213941	135434178
8	41548241	41724964
4	68344	20387231
7	151387195	154070094
11	47367793	47367864
9	21967750	21975132
7	6013019	6013183
8	6264112	6299587
19	11216276	11221327
18	60973432	78010032
7	20601078	32044755
9	34647754	34649648
17	42011534	42931393
11	108151721	108160528
8	100587885	100589861
2	32376111	32381206
16	28497794	28498182
22	18889489	21466715
20	70579	956299
5	112073555	112151290
2	237938269	242783384
6	65603576	65657511
11	108235802	108236241
8	191604	6880346
17	43717702	44345038
22	21801632	22998308
7	23000505	23004589
8	41761812	42107108
20	71022	2129746
22	16888899	20026751
16	89220724	89261894
5	112172609	112244011
14	105489732	107258965
2	133457176	138188195
4	173422524	190828225
2	131477946	131975365
17	43703800	44212824
3	185419047	186575415
1	779726	7930605
6	129670432	129725114
17	34815550	36208392
3	19064851	26448689
2	50804278	51027599
1	145764392	147830830
22	50190424	51183767
7	139548075	139680096
2	47702163	47705658
17	41266735	41267772
18	77098564	78014123
1	244385523	246707775
10	7377292	9129131
9	129414010	129460757
9	139089170	139096858
16	28861530	29031059
20	6317253	8558193
16	29649996	30199852
11	119807472	134868407
2	202483622	202512548
15	57367490	57456139
1	216240159	222780954
17	56780546	56780700
13	100934273	101069066
2	148957571	149100105
11	35685125	46981371
17	4907451	4926045
2	73828492	73900329
11	108117680	108117864
5	83497558	88416354
22	18706000	20659606
14	36985276	36989335
9	6532996	6645519
7	69939569	70245396
16	155426	1549894
15	22765627	28940098
3	167402075	167437965
7	73461981	73992743
11	126631557	134868407
7	80242419	80303812
3	195725289	197344176
17	43651730	44351152
6	153114536	170919482
7	25943007	27062117
22	30051484	30051628
12	27314530	27795416
13	52518224	52520634
11	2905208	2906985
11	2797183	2798268
17	41267736	41276119
8	42693104	42694524
22	18875955	21466715
2	166079507	167521122
12	73879476	93189581
7	72772521	74133319
1	156844809	156846190
15	30884560	32413623
17	29558431	29559785
12	109998824	110003001
6	129204370	129837512
2	73617392	73789869
8	62449004	62474645
6	163082	2724845
16	46737109	51838691
7	144947346	159128556
1	156084709	156212953
5	49757933	55158813
16	15755044	15759340
16	29819552	30173854
6	129486710	129514008
3	100986080	100987929
13	23667334	23778038
16	29656683	30197290
17	34849817	36263019
17	41233217	41243627
16	28404152	29353391
1	146535352	147824207
16	85879	2053328
5	175559838	177426530
14	29273193	33703472
18	48602997	48604847
2	47636752	47638155
4	85039	1921232
2	47672686	47672796
15	67479324	67479847
2	96919535	96931129
17	29054314	30409336
15	48703522	48760718
6	5262295	5395849
7	73799885	75388031
22	16087693	19363465
17	29489247	29502014
8	116413558	116514256
4	186272402	190788707
11	31277818	31795239
11	44210278	44307366
22	18765084	21661435
15	42651697	42704515
6	13693851	24225515
2	240161376	242783384
7	5101630	5864814
22	20733426	21505417
22	44203245	51178264
14	103153636	107285437
2	50847099	51556715
1	173872941	173886516
1	849465	9627180
5	86530414	88893604
18	60416708	78014123
11	132806619	134868407
22	48637186	51178264
19	11221447	11223953
13	108860860	108863636
5	127441490	127471419
1	110994178	112360446
9	111215	14650760
13	24436681	24443638
3	93948	9491994
3	37049639	37050445
19	29542794	32458502
21	44478234	44485825
17	56780556	56811703
6	136317743	146666780
13	49050826	49051550
7	69617683	69932353
3	182037551	186160910
9	130833675	131857181
2	47612298	47630547
11	67249417	67255234
20	34959765	34960308
17	34822464	36283807
20	35177146	35184110
1	145387022	145803834
12	80632664	80732812
16	9915836	9916457
19	11200037	11211022
18	59243241	78010032
6	66094268	66094403
15	72963969	75535330
2	48861902	48988580
6	56911419	56953687
17	80030213	81048189
5	112043008	112179833
17	50689	2165080
9	137816458	141114095
7	73992743	83618176
17	29652831	29665163
9	113496510	113496675
1	885377	6635005
2	47635529	47639709
19	11223953	11244506
17	16782545	20294038
13	32936639	32972927
16	21884191	22288219
5	112174436	112179823
9	130591959	130592112
7	72766311	74339030
1	243949930	244033798
9	108308638	108382342
15	44862702	44867259
17	41206862	41215010
22	50145415	51197838
3	37034840	37042544
15	23707251	28520454
16	15492306	16292235
17	43592409	44249054
7	101912319	120918695
1	28751377	33588455
7	54184	159075079
3	37034541	37059096
18	131699	15121054
15	22770420	28709715
4	149277636	149669181
15	67482730	67482894
17	524	3825428
22	50973974	51183840
6	4990660	10358695
17	41251897	41277500
16	1734362	2285561
15	23656935	28520313
22	32150887	32211218
15	23353637	28592766
22	18706000	20311763
1	779726	12530188
4	44019	19796182
15	72926921	75544524
22	18919941	21505558
6	107766484	110869110
13	32950800	32950934
5	65315605	68755816
10	81597766	88951347
16	15048750	16194578
16	28835712	28915526
15	30819264	32510067
5	176655604	176673557
1	145770624	148514899
15	44887436	44892850
7	69969630	70204548
17	41276033	41276132
3	37064798	37068325
1	757092	5160050
2	47698097	47710094
6	103727339	114255403
7	6013023	6022628
4	188478515	190957473
22	51024307	51243435
5	92235440	118949814
12	116012277	116783516
15	22779921	28442413
2	50844014	51586061
2	177169172	202904513
16	16247817	16262005
17	2497628	2585485
17	41215870	41277500
19	33321505	33359460
1	2614841	4789181
13	76942603	90660121
10	133255623	135434178
14	21784105	21791536
16	89849256	89851382
11	121482184	134938470
12	23641725	23779213
15	22750304	23226254
20	62037976	62103836
2	528351	2564992
19	11226749	11242035
1	179851637	179873157
6	156674765	157870814
15	28963099	32514926
15	23707251	28535207
17	33430262	33446642
10	81697810	88768847
1	957473	4725355
5	112072720	112179833
17	43706885	44207977
3	37034839	37070424
1	1008285	2723403
17	43005865	43377096
15	99903770	102415472
22	30069247	30069485
3	61890	7486254
15	25582419	25798470
20	35577147	35586131
2	51125056	51803361
18	3447718	3451781
9	130893683	132554593
7	6043320	6043689
18	62618173	78010032
17	1130775	1985676
16	14899675	16514111
1	834100	7871366
17	41197693	41215349
13	32890591	32899327
2	48010372	48033999
5	135229730	136954721
13	100764074	100764335
2	50818354	51158300
12	51027670	53245693
22	50627703	51211392
22	29130380	29130719
16	89334865	89383447
7	2219183	2612472
16	221961	228406
2	51226169	51556715
11	128556379	128681341
16	29595482	30198151
2	109556626	117570152
17	34604363	36188734
8	38099747	38105373
18	118759	15024002
1	156084709	156085065
16	68849407	68849672
1	1040025	1156131
11	108137891	108236241
16	29835620	29837355
7	105902384	110868092
2	48010362	48018272
2	189859689	189863222
16	21618157	21852932
21	15485037	48090352
18	3447717	3457958
7	16131299	16255842
2	241006622	243028452
2	99028235	102253369
5	112162798	112179829
17	43655746	44176717
17	41242940	41258570
5	9120812	24274030
13	48878038	48881552
10	75542066	79428995
16	77981956	79037091
1	43336798	44713202
15	31115046	32441451
16	69569225	75960196
22	34157347	34157473
19	11200037	11211021
7	117170953	117174420
19	11213339	11217363
21	32711700	33683830
20	62002368	62915555
15	22770420	28415107
16	21689789	21747769
4	88265487	94575586
16	29656716	30158469
15	32064999	32514980
9	556624	703693
2	164311799	167818832
17	29428899	30326958
16	88666176	89472627
5	2886276	7108408
2	47630320	47657090
14	34349617	42828688
1	67705386	72390489
12	2797121	2851017
9	140708802	140708935
1	145791973	147848380
13	94393570	94483201
6	162622152	162683807
19	11200037	11230767
13	20523270	21972234
1	849465	4048535
20	62090402	62915555
2	47697729	47706125
17	66511534	66511717
9	130374662	131329276
2	240457942	242783384
16	78458746	78458972
10	81617259	88980961
17	29496898	29701183
16	21964082	22386845
7	72766312	74133332
2	166900199	166907805
18	85431	7094699
16	74746852	74773920
2	186356600	188906835
10	224405	4648034
15	41689326	52446981
15	42702643	42704190
16	6366970	6367083
7	73992743	74991125
17	47215225	50225170
1	242263611	244559673
3	37049838	37052249
1	145655991	149232481
2	237684214	243007500
6	156549544	157430123
15	31098689	32444044
2	233113938	233164839
3	169482532	169485508
15	22770420	28915864
9	130420442	130420935
1	209742721	210774573
7	80256887	80276756
6	65614167	65949448
2	111392258	113094793
9	33572678	36782012
3	195725289	197015654
22	18896971	20311763
21	36160047	36421645
7	126499785	132435696
1	236719381	249212668
15	67457222	67482884
16	80623262	81411221
15	30509324	32899558
15	48703186	48748959
1	145310253	146491118
6	64708420	64712050
20	62305427	62305518
18	55298899	78014123
9	118602946	121246861
1	215836169	215851932
21	47401744	47552486
1	243840525	245086749
2	32288679	32289315
12	173785	6378954
9	128843873	130543964
7	121734933	121803684
2	47630320	47632584
15	43077824	43634458
14	88398406	88422569
12	63952692	64062981
22	20030821	20041691
10	89622927	89712026
9	140667619	140677737
5	171758784	171771367
16	29597821	30177240
5	22148	4163847
11	39200801	49157287
2	50964033	51227294
17	41254529	41259554
3	105525	8299796
12	52306862	52307574
3	10188197	10188320
22	18905108	19015451
22	43233099	51174234
5	22148	12820111
1	146535352	147857078
22	23012068	23654237
16	16247251	16258394
10	123348505	135434178
2	239071622	243048760
14	97386606	100645293
17	59937174	59940147
4	178907109	190828225
2	47604152	47604216
15	98628329	102383473
19	11215894	11221447
3	114422349	114464858
2	47600601	47604216
3	93948	5427855
17	41267722	41277500
17	45380057	45380230
18	136225	8057394
1	160369889	175796325
16	10273834	10274288
9	71079378	75905808
22	18999802	21455499
19	12574342	14726197
16	23625314	23635425
15	23620190	28545355
22	18646692	21631412
11	125916252	134945165
16	78374561	78469453
5	4932819	18465470
22	18894834	21461752
9	13739629	18023839
22	18642645	21717111
22	18900754	21800277
6	163606024	171055067
16	28543103	30194753
17	7571719	7590868
6	85636581	88075159
8	18830505	33476782
15	24811184	26026370
22	20708889	21407690
1	145068490	147929323
16	15492306	18162167
22	51121451	51183840
16	28819027	29043972
2	215632195	215634046
13	102189395	115085141
1	146053452	147834136
16	222911	227410
15	22646193	23199953
1	146089267	149376652
3	128204042	128206074
15	23667813	28940008
14	102931118	107285437
9	119445808	119638487
16	15492306	18366738
7	113898257	116067175
2	228230758	228234864
21	38790551	43619940
19	1206906	1226651
6	2862873	16698019
22	42416025	51181759
12	52306238	52314697
17	4818813	5100421
2	48010366	48032172
12	114839610	114839745
14	67291191	67291284
7	146829316	146829621
4	162205709	182329883
11	103016471	103177263
22	30032729	30057338
15	29066367	30763160
9	137534023	137660319
16	29351825	30332071
15	48736727	48741100
1	24186267	24186413
18	7773469	8250052
22	41550978	41560154
1	76226786	76228468
10	4689759	19120882
5	88062492	88104672
8	90990437	90993131
16	14897787	16508039
7	116966858	134475440
2	47612304	47614167
3	135969207	135969410
9	185578	7635806
11	120615373	134868407
8	100443744	100733295
22	21977699	23657804
7	16341035	16348262
1	8343753	12530188
2	47642508	47655432
13	94097217	94204671
17	66508519	66508689
4	123977521	123978463
1	168284059	175268435
5	22148	5102699
20	62044802	62046479
11	31242423	31892424
6	144498025	144517214
15	31115046	32898667
1	241920550	249185508
2	44517330	44546016
10	88635765	88635852
19	43013364	47241534
6	129204380	129419570
6	161071092	171055067
16	73140	1823350
15	23286570	28540415
7	33295172	33303394
9	76321601	82985544
1	146030327	147897962
8	1000515	1276067
11	31284589	32456911
2	74365483	89129064
7	107410313	117825549
16	215498	233437
15	48888469	48936976
22	49711442	51178264
17	1277161	1505103
10	46476964	51724915
6	14730786	17554322
22	51059147	51183996
1	45794971	45799281
9	114299779	123267736
3	81539537	81810688
13	111217421	115103529
5	161381033	161534024
2	179403524	179655493
13	44079531	50557804
2	182623427	192880118
8	69900115	72552263
1	5270318	8576813
1	82153	12699337
4	107066117	107101467
13	111568864	115107733
3	69964028	70538306
16	29439268	30197341
2	114056440	123673800
22	30032729	30035211
5	22148	22775404
1	146564742	147735011
5	132866924	134183368
16	86544189	86546749
22	43059473	43145703
20	49447089	49510400
5	110079420	110079498
7	14005821	18360977
16	2115499	2124416
3	171686399	172849070
11	129721808	134938470
4	190713590	190828225
21	15347194	29186439
17	968888	2165080
16	89829944	89836293
3	10191470	10191649
15	23620190	28357230
14	102460420	107263620
17	59934408	59938910
14	101270695	101279253
6	157431663	158489904
17	7572920	7574039
2	51148986	51259192
16	29673202	30199713
6	107681	4979015
21	43498965	48097372
7	72700413	74193403
4	118273036	134486822
18	46942426	78014123
13	81851090	102864674
17	16581523	20434651
2	105263099	105680562
22	43381458	51197838
17	76133777	76133915
7	72612041	74574641
2	96739307	98066294
19	11233848	11244506
18	27024474	37983616
2	47604146	47637517
2	148777551	148991171
2	47612294	47613762
9	13974414	14286259
9	140637558	140638660
22	21465660	24885806
15	30653876	32861626
17	73632430	73966825
20	2463100	8185680
12	6837830	7858216
17	41215349	41276132
14	88401055	88417112
22	18890041	21440455
8	176451	6920273
11	71680926	77943941
1	41343607	43121507
10	70749014	70765487
16	14892879	16533890
12	57407138	63436278
5	89990518	90136394
16	96721	1917328
9	97808510	98873445
14	54250362	55362006
17	524	2750745
1	215844313	215848958
2	241006622	243059659
1	145786359	148514899
14	51152772	51216251
22	18890161	21464056
10	56046998	59028303
8	3791726	4088167
1	146127814	147844758
22	44165	11675280
12	70163516	77357997
14	97277005	97327082
8	158047	6944233
17	17116958	17117180
8	42093803	42614052
5	112116486	112181936
15	32457091	32771537
2	131729	2717289
5	22148	21726469
16	15494599	16327230
17	41205430	41209604
16	14897624	16458408
15	30940503	32620088
11	124254552	125315622
13	89796109	115083342
10	54991836	55295059
10	46966532	51700837
21	47531390	47541037
7	92916551	94959433
2	233001171	233001439
5	178585880	178770767
22	34022207	34157483
1	216691948	220000632
20	6102950	6104903
18	51818219	53421512
14	55369018	55369401
14	65560419	65569063
2	32372831	32390406
17	29490203	29497015
1	32859414	36454915
3	60374851	60557357
4	154577936	155849925
8	176451	6942337
17	16922264	20051943
6	117136361	120040041
14	52011563	55787316
17	29527429	29592367
16	28824793	29133735
22	37866630	39054815
15	30931869	32539611
9	130581880	130582336
15	22318596	28940098
5	112043008	112116606
22	18900667	19770565
16	68771308	68867412
3	60393926	60558331
2	148942536	149035397
22	18874455	20306317
2	47610842	47615751
4	176493245	190957473
22	47630450	51178264
15	30921916	32539666
15	62128860	62340126
2	47280430	47714665
19	11213462	11218191
2	51228343	51427877
18	28650671	28650836
16	29238592	30190568
15	89750127	89757489
1	697793	2567838
1	779726	3235959
16	14910204	16194578
7	146481737	159128663
19	11188418	11204273
16	74750290	74762108
17	7572920	8285634
2	169824975	169830328
10	2593112	8484746
5	127777364	127900742
8	191529	7752586
7	101450428	112054905
18	48573410	48604843
1	193205375	193205496
10	55663002	55663130
19	11210888	11218204
12	1950036	1985170
14	76967037	76967064
15	22746943	23121448
2	173231479	177225915
22	18878408	21907671
4	158091563	158091900
16	29855930	30198600
1	143721525	149232481
22	49928761	51203353
16	15395311	16210889
16	29673753	30190709
11	44165776	44219588
13	31682662	33765790
4	82723160	84358267
22	19709950	19963280
8	133621136	140433338
6	162615774	162745282
7	146988988	147101705
17	29561687	29565750
11	23045609	28000144
15	55520786	55527152
9	204192	13974099
11	123860284	134868407
8	158047	6460877
5	112001177	112043328
22	51132802	51203353
11	125937382	134934063
17	62649312	65683004
12	123469748	131199119
17	29519332	29532980
20	3092738	17091453
10	87897968	90309708
15	93444093	93586814
3	37091970	37092150
15	55526959	55527152
12	222887	3931052
15	22698521	38381783
16	89818545	89858955
22	18919578	21460595
14	101274636	107263478
19	11240187	11244506
8	194616	6816918
9	130248089	130388197
22	18872507	21465050
14	21692669	21923767
14	33787869	33847635
22	43050742	51197838
2	148755019	149050963
22	23690386	24666092
10	89720644	89720881
10	126523426	135436092
6	152633	5315912
15	97557294	102383473
14	67346636	67346771
17	43703800	44187492
17	29510584	29581498
5	151304034	151304130
2	134733318	142089790
2	173538953	186401606
2	203329531	203332412
6	51518815	51523750
15	22698521	29085896
8	15241651	15413345
7	145133636	159124131
17	41214474	41293060
1	146105169	147897962
22	50518238	50518796
21	47531370	47541057
2	47600591	47607118
1	1416437	1455296
6	20884836	21082258
2	47630262	47641557
1	145765828	147872253
9	6542328	6611763
22	38565204	38565453
2	85241808	89126132
2	111406071	113111856
2	86502662	87430727
20	61815142	62318983
8	4267569	4316157
3	79644313	81307381
1	182106860	186900257
1	241669292	241669478
14	37002652	37810624
6	126815678	132818994
10	55942656	56054330
2	47596634	47653277
18	52921548	52922186
6	162463877	170917906
9	130581890	130582326
17	41234592	41277500
5	127653840	127654693
7	6031593	6042277
18	136225	4002983
3	138925588	139157532
12	88443157	88478947
1	780816	2454952
10	46235356	51874163
19	11628639	13336101
18	47656798	78014123
17	15133093	15164078
15	55722847	55724820
6	113261041	117842826
17	15745314	20261191
6	129608971	129609223
1	794594	8807706
8	24767876	31053873
19	3437993	4039215
17	16768247	20391959
5	86062775	91444662
16	21597345	21741439
2	47709917	47710360
6	129837314	129837512
1	146542842	147857135
3	121363055	125395197
8	8130629	11805960
15	96567355	102461201
2	171300728	172914965
16	23614779	23619333
6	51668219	52563298
17	29482994	29701179
5	88018115	88183698
4	166623889	190957473
17	59857615	59858372
11	126303634	134910140
18	52846594	78012829
16	88556190	89557911
2	30340	3452903
22	19470350	19481849
22	18706000	21440514
16	14866283	16391910
2	203378421	203407190
4	66320279	73179410
1	849465	6374209
3	180939664	182170131
22	18890270	21461811
20	8843843	8880111
16	28404152	29331350
2	47709907	47710098
15	99010525	102383473
15	22770420	23195725
7	65439261	65447190
1	93297665	93299223
22	18876629	21465659
2	203242196	203379610
2	58386889	58468458
16	68862066	68867412
16	6009600	6171462
1	568707	2567832
15	23620190	28437018
11	31820788	31824052
10	100025	12842179
1	150961808	151557253
2	148897423	148979973
16	71561716	73724195
22	18641478	21722262
2	144631278	145270874
2	148915159	148983627
2	44507854	44573529
8	7053185	12241152
22	19156116	19529130
1	746607	15077159
7	6017208	6022632
2	195786722	200531127
10	88514772	88516802
12	103288492	103288716
5	25327	31343671
13	32899192	32937690
6	160336421	171023595
7	33191098	33257303
2	96552902	98118115
18	53011021	53131802
12	133153199	133767986
8	113540570	121095280
3	121643993	126501092
7	94228086	94232764
4	177677785	190543118
17	17138219	17146328
22	29083730	29083974
4	90005203	96971785
2	237480047	241611309
9	137496880	137648441
15	43892947	43895799
5	50092	15678560
6	107573259	107767076
5	2180874	17602542
15	45360337	45437443
8	72314203	72924788
2	203406744	203411907
1	145885644	147947839
2	32291778	32357195
3	73913	7098404
5	79950536	79974922
21	15006456	19583516
2	32352108	32379648
6	166607592	170919482
7	72677236	74144422
4	119281457	121845311
15	29214104	32418220
16	29042049	30199025
16	87333236	87457042
2	174002599	181269396
1	42914302	45001279
15	31972645	32509926
18	51036414	59275480
2	32332673	32340934
2	234362256	243041306
2	123927564	129217649
2	50811166	50870064
1	145369198	145888926
20	47726520	50427649
6	168297592	171023595
5	113575	5380741
10	81892410	88722952
6	164632	5823834
22	23258228	23654222
19	852322	1222011
16	87969894	87970076
4	89891196	98235479
18	69968032	78014123
17	50689	1824246
5	112173243	112179829
19	15959346	17901296
20	21680344	24383453
2	47656880	47710360
12	80660384	85647333
17	41256132	41267802
22	21074919	21440514
17	2583432	2585146
5	112090587	112157688
6	162475112	162475216
16	47258286	47662546
6	115922393	128835469
1	229555498	229577325
17	14111571	15442207
3	24336497	24452054
5	110023142	129439531
9	119460001	119462003
16	12046323	15280056
14	31535392	31542189
18	77682575	78010032
17	15142767	15142948
19	33878748	33879530
2	215593389	215674303
16	15551061	18306841
12	10336208	13535349
2	161542324	164640864
17	50689	3005626
11	134247840	134938470
5	131911458	131978066
17	42969979	42993118
4	179996711	190957473
1	846679	3404423
2	110862476	110983703
15	22770420	23282905
1	779726	2558913
6	170425	1622218
1	5979666	6007969
10	133728376	135427442
3	37049799	37052209
6	36790664	37127475
4	175550288	190838582
13	35531797	39607778
3	10070331	10085558
19	11188417	11204306
9	101867467	101984196
17	29506123	29684057
2	32356942	32372914
7	5488017	6316581
9	203860	13486759
5	140473	9792158
16	14877686	16292235
5	113575	15291661
18	62984562	78015117
8	143957117	143994311
11	108170563	108179827
7	98817042	100499889
2	32352006	32379575
8	42338720	42916885
1	849465	6505278
17	1165432	1277056
7	100238302	100239138
16	14897371	16495076
22	46044135	51178264
16	3776714	3809010
12	59495113	70574966
15	23707451	27296222
19	11226749	11227694
9	214956	215049
9	140378699	141073897
4	173278138	190828225
16	28708172	29051191
19	11129626	11141575
9	137644414	137644511
17	16741410	20339728
2	96766559	98013866
17	6564809	6660724
8	158047	6982980
18	136225	10074733
13	112091742	115092510
18	49401797	53326230
8	3730651	3817069
6	162354716	162480606
8	61431755	61605551
17	41201211	41277500
8	90947808	90949303
8	191329	1796164
7	64117427	71708048
16	3922990	4004415
17	29033862	30326952
16	180500	180610
16	81380492	81433070
6	115541217	117517534
12	173785	2865649
14	65568253	65569067
9	127818143	131400225
9	94373846	94633213
7	6031593	6031698
11	47370116	47373066
18	75968373	78016181
2	174238256	181604341
8	102183490	110139893
2	110852959	110975102
2	225317516	226707110
22	24135739	24135881
1	161331710	161336448
1	240224261	240317038
15	22770420	28545355
7	73442457	73483087
2	239748305	242783384
1	874454	2577794
12	80632581	80728257
4	185248233	190828225
4	81800930	95730598
10	88514772	88516676
3	52086598	59689209
10	93908170	101809723
16	96765	932211
13	94474529	115107733
7	39102999	45402695
17	10771947	21510992
10	81630467	88975551
17	76221436	78073778
15	51510727	51510862
7	133230188	137972605
7	102910569	105104800
7	146997232	147092872
3	37034541	37045971
16	28503802	29182196
9	2621792	2654485
22	18916841	20310938
2	148957571	149027461
9	139218427	141018984
14	67243156	67647704
16	21976690	22386881
16	6823909	7028068
15	30730512	32861626
10	55938131	56040206
1	159449676	166864323
15	83343183	83345634
8	141270415	141289943
8	24767876	31068253
13	48878038	49054217
11	126762943	134938470
19	11223784	11237894
2	207923609	212110328
18	136225	12767079
1	63252827	77402595
10	127346040	135434178
17	41209152	41277500
1	144955197	145831720
16	29620716	30250601
16	72768	1511716
17	34815071	36192492
3	70618610	72399570
19	33963520	33975799
17	16971146	18922732
11	121651166	134945165
3	37068624	37074678
19	11200037	11200292
16	15494599	18141051
15	23620190	28545504
15	48545361	48581182
9	333829	394034
8	194616	1965389
22	20921341	21459713
15	30769994	32701482
9	140688611	140781524
14	100397005	101488936
17	29422277	29701241
22	51127895	51197838
7	6017213	6029591
16	2098587	2115636
4	93531563	102443148
20	47682661	49884981
17	1915992	2548152
17	43688307	44163085
1	779726	5742647
5	89523962	90412409
16	14877686	16327945
22	21798704	22916612
3	120394333	120394982
16	78402397	78504169
2	51225620	51304763
2	167996717	170671886
15	22816712	28530182
13	32892861	32897576
18	14274	13649733
2	47630320	47641567
10	224405	3100934
18	73214537	78014123
19	13592591	14717528
11	14504462	14909461
19	13561014	13604751
10	46224445	51594991
15	30405534	32914190
4	25668461	25681490
16	31012228	31012944
4	9922196	9982215
8	91953223	95550571
2	110881367	110962545
16	89831291	89846371
1	849465	8901938
16	2098610	2138617
6	132206903	132212518
1	100661790	100661998
2	48010220	48018262
2	32308174	32341669
9	220252	6968724
16	78420736	78466669
16	14780542	16855348
9	132712093	135217877
16	23635319	23637728
15	23286570	28545355
17	41197674	41197839
6	111652878	111804091
11	108098341	108236245
17	58934658	60395826
13	23519915	24941516
15	62155281	62332980
18	66230658	78012829
11	31828508	34576695
19	11233849	11239475
16	78384723	78504169
1	242404098	245363466
6	168827896	170919482
17	16727263	20395889
19	11224438	11227534
5	22148	16930125
6	166517761	170919470
17	3561288	3564038
17	14110042	14111913
17	78081335	78087185
2	152429768	159391791
18	66525140	78014123
17	1218063	2619473
22	51121361	51197838
21	47550595	48080926
22	38369501	38370205
2	60719184	61268266
11	44146455	44156975
1	779726	6976647
8	54407100	58403572
7	145813092	145814085
16	29656683	30194753
1	145655991	147909094
19	11200204	11211041
6	37745144	45621580
7	45065943	45115876
7	150671778	150675021
18	148962	2313457
17	14763745	15242181
7	23805001	26175778
2	51148482	51259200
1	244379480	249224684
1	82153	11784118
9	266044	434797
12	6204573	6204798
5	130763955	131544515
22	18919741	21440655
2	198852969	201350417
17	28997892	30408615
4	177189905	190816266
12	12514721	15433522
2	152788857	160276245
11	42575208	46136343
3	196204148	196232328
21	41667951	48090352
7	6013019	6022632
18	50739714	63705988
16	14968858	16303388
22	18890270	21394730
22	20716875	21465659
6	156973	7122992
8	191529	6644251
22	44298440	51178264
16	23614778	23625412
21	37914122	48097372
8	9781781	11431141
17	59760650	59761507
3	189101445	197838262
20	33639657	34026249
11	121501071	134868348
16	29824355	29825979
4	101953181	102026137
3	195690240	197299811
16	29567294	30177807
16	78458773	78463512
22	34157337	34157483
4	163644969	173422584
1	146470886	147845170
7	32911002	44576005
16	21771015	22409463
17	29550191	29573353
9	211085	11867480
2	241384235	243028452
7	121734180	121803684
2	144872285	145439525
19	10379070	13085266
2	51113042	51257100
19	11213338	11218191
2	148743879	148955720
6	1580680	1951526
17	34508116	36173763
19	13317255	13335480
17	43706885	44351152
2	32370424	32402101
8	23643334	27383767
1	145387944	145735385
17	56721366	56766202
13	96586480	115107733
2	203496150	205794583
13	19020000	115085141
1	239451324	242621355
5	125774097	132209659
1	147245048	147246661
16	67654565	68404073
16	68842326	68869444
13	32899206	32899327
2	148746281	148820654
2	48023032	48033790
17	78078340	78079713
19	18707591	18707599
2	200801995	210896648
22	29095819	29130715
1	103381479	103431911
17	2201585	2631484
5	22148	1429714
10	56450547	56658273
8	99991770	100220890
4	90458651	91213084
10	81685361	135524747
18	53343	7029133
17	41256132	41276119
1	5423885	18686796
14	30851759	38181546
2	32342697	32403351
22	18648865	21465662
3	194059262	197420612
8	30916662	30916787
7	107796644	123176581
8	100050650	100123507
7	127295697	139524358
5	6599368	6603435
7	43359	3642604
8	158047	5473064
16	78308766	78371608
22	29083874	29092985
2	110881347	110962565
2	96747465	98193473
16	89804998	89883033
15	48707357	48707974
3	128780572	128781126
7	111642644	115770275
16	78824346	83289026
13	32903559	32972927
11	36028926	40339674
1	103657254	112451259
17	34822464	36316144
2	50909764	51335129
9	214956	422155
9	203860	5094461
17	41242940	41277500
19	13366073	13370515
15	23288373	28705281
21	44828063	48097372
1	10324454	16107335
3	37035000	37041000
10	124793871	124800895
17	41216951	41222055
20	43280195	43280268
21	29880467	36062331
7	131642113	139107211
15	97715983	102461201
21	45265856	47057233
1	10041068	10042779
11	10011062	16847353
10	113833851	117032437
6	86080433	91379512
7	115520086	118098306
8	169852	3671920
9	97823311	111457849
1	6363700	16125588
17	41226341	41246883
2	118843899	135722308
2	51201473	51314357
5	176127128	180696806
16	2136173	2162494
7	44611547	53767453
17	3504227	3561459
10	127375791	135427143
17	29538816	29545131
8	72111498	72268758
2	48032038	48032856
16	83432664	84941726
15	22770420	23191651
2	51183369	51370150
22	18641478	21712996
9	311733	398139
1	54673098	55222631
17	41276132	41277500
4	68344	15973383
3	37090482	37092045
3	9425741	9481293
9	203860	7007586
6	24528204	24528414
7	117250572	117251862
17	78091991	78092156
12	8242560	8264933
6	64776384	64940484
2	48018065	48018262
5	113575	4175855
2	47600595	47607114
11	31147305	31714853
2	47637232	47643568
10	81685368	88711465
14	24453273	25843700
10	28862875	28916803
7	70145923	70236757
7	16298004	16298647
2	148724264	148861205
15	29214104	30366065
7	40350382	47034422
1	12028291	12031717
9	140639660	140726103
7	143581651	152371356
17	41215349	41234592
1	146043712	147898062
11	121136602	134938470
1	239793167	249218792
8	74431534	83567817
2	205771565	210896173
17	59924451	59926627
16	29592782	30190568
2	47628577	47638433
2	47698103	47710360
22	29083874	29130719
16	84180704	84186080
5	175542259	177073634
22	18912869	21431174
2	194581314	201752422
14	57268432	57269093
1	169187473	178044969
16	21533208	21804884
2	47596638	47607114
2	145257681	145485605
17	45834	5555542
1	145733442	147929323
2	206129664	206362233
18	73700831	78010032
7	68133293	72806397
17	56769994	56770159
19	11233829	11242035
10	86766570	92609514
4	181496114	190828225
19	1218409	1220722
2	50743868	50803486
15	22765627	28691460
7	6031603	6042267
2	47414692	47636335
9	140407571	141053525
22	46667743	51183840
7	72700413	74139573
18	76841644	78077248
9	131670023	134514071
16	29432211	30177916
4	174521061	189545485
5	112090587	112170862
9	130430428	130430704
17	10621	1511353
15	32098669	32635959
21	15006457	29235160
6	146007237	146007452
11	127690584	132404117
17	34822464	36316161
3	181430128	181431122
3	73913	3397460
6	80964545	80983538
10	54810805	56486307
7	63583562	71047246
13	32889616	32890684
17	29670026	29670153
20	13448379	13597783
18	7154666	10068353
11	68674221	68692757
6	149538899	149670630
2	181807628	188237115
18	73136005	77982126
16	29383807	30190029
1	17345365	17380524
1	3539081	5247082
1	11181681	16650993
4	185995256	190788707
21	38741103	40274106
5	149778564	149778631
17	3504808	7081343
4	49449	8872474
2	32327162	32886455
2	47705400	47705668
4	151231360	151271331
19	7150507	7152939
8	7268818	11805960
10	46287820	51861565
7	79337678	86790392
17	29684363	29695503
7	150642432	151573725
22	51123490	51237463
10	81658271	88724124
7	6036946	6037064
3	60526225	63742930
7	42156922	42225427
2	238811511	243059659
16	14021878	14022098
5	130495119	130500918
1	216465516	216465712
15	30954723	32509932
16	15404451	18306854
22	18628018	21464119
9	97863981	98270649
3	73913	6107686
16	109977	1271651
8	115656139	116918407
2	174578565	176332190
3	37049872	37052281
9	203860	525036
11	129570430	134868407
19	11234270	11242805
17	5636296	7942140
17	41199653	41251903
6	162683536	162864525
16	16247251	16262036
22	18661723	21809009
15	30950528	32514341
9	94118163	94124171
17	41243049	41277500
5	113575	8876045
17	29486021	29533395
15	23290785	28545601
16	2115519	2115636
18	71874443	77111148
22	32150887	32150985
22	50282985	51304566
17	41196311	41251897
18	46177797	78014123
12	56091458	56092721
20	741649	746438
11	93517669	93521343
15	23286570	28823722
16	89877108	89883029
17	48857	920692
9	6548391	6620059
1	224283989	228047249
15	91337386	91341577
11	31825723	31839168
10	124640722	135434113
22	18938160	20229017
21	38508037	43854625
6	1598591	1730086
22	18896971	21382953
2	32351996	32353568
16	46500740	52456082
17	1130775	1409842
22	18861747	21463730
7	128470671	128498597
22	45994304	51183840
9	71130847	78867779
16	51171002	51185172
13	91935135	92046713
17	800048	2390454
3	37034541	37038210
3	130120108	138723861
2	50964033	51915187
2	50813342	50948464
17	29422317	29422397
2	44507834	44573549
18	57234912	78010032